7.90559987690358
6.155999962356873
3.391200047917664
1.987199994982802
6.544799985931604
15.98399983195122
7.344000050215982
16.19999974791426
15.63839971495327
15.76799999456853
59.65919976588339
33.80399965681136
20.75759995495901
14.23440018261317
29.91600093373563
28.96559990476817
13.67279981568572
5.961599896545522
4.66560008644592
9.914400016714353
20.5848002107814
49.63679841603152
54.84239954967052
7.538399919576477
16.76159978087526
11.46960018959362
24.62399984942749
5.788799975562142
3.456000069854781
3.175200053374283
2.591999927153665
5.313599971850635
9.050400077831
27.64799961587414
44.71199973486364
11.42640025354922
11.53440009366022
3.455999991274439
7.819199975347146
13.6080002062954
16.63200020848308
1.943999950890429
6.372000035480596
21.34079983807169
4.125599982216954
5.399999942164868
5.335199920227751
14.68800010043196
24.49439996271394
12.91679997229949
18.14400001312606
13.30559978960082
50.39279898628592
15.44399972772226
18.23039972805418
30.99600049390574
3.520800003389013
8.402400172781199
6.695999909425154
10.36799989524297
4.492800177740719
19.74239976843819
20.10960015795717
70.41600089287385
17.02079979004338
17.60399966578916
6.155999883776531
6.674399980693124
16.17839974060189
16.35120019200258
67.06800085958093
20.26080017967615
15.81120016635396
5.399999863584526
9.525599681273889
16.200000376557
9.590399946318939
10.88639975641854
10.97279990353854
46.82880045147613
20.54159980325494
7.128000055672601
17.27999987779185
16.93440023227595
9.957600220423046
29.80800018995069
7.34399997163564
15.70320012979209
41.88239971990697
18.01439996925183
31.38480072375387
10.90799989142397
18.44640019407962
36.48239930626005
14.36400022648741
13.80239995778538
10.15200013644062
3.650400042351976
14.60160038550384
3.887999980361201
5.83199993125163
4.384800050320337
12.72240006364882
25.25039959000424
18.59760000952519
36.2663995474577
27.51839988632128
10.51919994642958
4.838399909203872
6.480000229203142
7.128000055672601
3.909600007318659
8.812799781298963
7.084800119628198
5.399999942164868
   0
0.215999994543381
1.036799987559789
   0
5.659199951332994
26.99999986798503
30.88800134137273
20.73600002622698
49.03200056869537
31.75200037658215
27.21599978394806
11.2968000525143
54.95040005771443
58.64399957936257
31.10399952856824
45.87840044405311
7.279200028278865
14.81760006572586
22.33440080308355
24.19199970318004
19.87199973373208
57.24000067566521
8.251199885853566
45.7703999360092
8.64000009605661
5.615999936708249
25.89839957363438
39.63600053102709
6.048000004375353
9.547200010274537
5.399999863584526
20.30399995855987
20.73600010480732
9.352799944463186
5.615999858127907
19.65600013209041
25.61760050011799
76.1400020448491
75.16799967270344
23.67360023490619
9.763199769076891
15.91920027412925
1.555199961694598
25.70400037220679
9.936000141897239
6.328799922630424
24.27839973242953
13.97519960373756
26.35199980577454
14.55839974223636
22.98240039381199
13.67280046397354
26.95680016768165
26.07119955355301
23.78160035004839
25.25039959000424
12.2904000156268
16.67520014452748
24.66720017837361
9.698399982880801
4.644000079133548
6.350399871007539
19.82879979768768
14.77440005110111
9.957600070629269
6.242399898292206
7.32239997414581
9.828000026755035
57.58559827809222
12.31199976755306
34.64639978483319
9.936000063316897
10.21679988334654
18.0144002835732
57.84479978028685
24.40799977630377
6.436799900257029
30.67199938232079
38.34000024944544
16.74000008788425
19.80720018327702
42.33599987346679
6.868800125084817
4.535999963991344
16.67520014452748
16.39439989230596
47.77919951593503
51.40799917280674
18.14399993454572
24.86160008702427
65.23200039518997
22.91759974323213
36.13679934642278
10.56240019679535
43.63200109801255
54.43200019653887
33.50160049740225
11.98800020792987
33.22079993085936
44.88479979336262
8.855999776278622
3.283200089936145
3.823199958424084
15.12000024667941
26.89200014574453
54.25920076668262
21.75120013416745
21.03840036434121
12.03119984929799
38.66400020197034
29.20319982804358
43.26479877345264
9.28800031542778
6.069600004320819
6.091200048467726
16.11360026872717
10.3464001629618
6.911999903968535
10.36800028814469
10.80000012007076
22.03199960058555
4.730400069092866
1.663199934409931
8.208000028389506
13.82400012225844
4.535999963991344
9.720000068773516
12.09600000875071
24.40800040494651
12.095999615849
6.134399925576872
8.42399996399763
3.477599998586811
18.27359989983961
55.42560179019347
12.24719982419629
20.49839955288917
7.775999803561717
12.72239998506848
12.5927998626139
9.072000085143372
5.140799932996742
19.6560002892511
9.633600019878941
6.047999925795011
18.66239987430163
21.49200020357966
9.957599717017729
10.45439992449246
10.0007996923523
15.98399983195122
4.73039987264201
3.823199919133913
3.455999912694097
3.477600077167153
1.943999950890429
1.079999992361991
1.209599969934061
3.28319993277546
3.866399973048829
5.810399923939258
5.616000093868934
11.66400015717954
3.542399934576679
3.455999991274439
4.320000048028305
3.369599962024949
1.814399956128909
1.511999961803667
0.06479999983639573
10.95120024983771
6.847199960611761
10.2600000158418
3.736800047045108
5.227200119406916
7.559999887598678
12.39840017005918
28.94400068325922
30.45600025216118
15.20640002054279
4.557599963936809
19.74239984701853
8.510399973602034
15.63839969530818
10.00079977093264
14.8608000803506
11.01599995745346
19.22400022158399
11.44799971079919
22.0320000720676
30.56399950291961
7.452000204648357
6.566399983421434
6.480000072042458
9.09359993529506
12.54960008373018
15.94079964052071
18.92160019779112
12.44160007663595
13.17599990288727
15.11999961803667
19.6559997391887
9.611999757180456
37.30319887690712
24.21360049629584
13.67280022823252
33.15600014466327
55.749601428397
22.14000010862947
32.39999902434647
11.75040026500938
52.46639968827367
16.41600011571427
42.29280017316341
37.69200097303838
22.63679980533198
18.0359999765642
48.98880102555268
19.54799978120718
9.908352355705574
54.37411225866526
6.449760077521205
16.02806399459951
10.90454395744018
11.82384021522012
18.30643233843148
44.74655999802053
9.63792025904695
15.45782358152792
24.68879939988256
7.577279989709496
3.020543925777019
9.21888000520994
12.7232640152215
62.49830407323316
4.933440095715014
10.34467209989316
0.940032009020797
14.63615989723621
22.23503988934681
26.56799925025553
89.13455962319858
6.065280057373457
19.84348717087414
17.17891176813282
12.22991992835887
17.05535981745925
5.279903896007454
20.65478395197715
28.93708781339228
2.203199984614912
32.95382321812212
9.605952132699258
21.38918356213253
7.852032001392217
3.557952017513344
3.460319997157058
3.655584080843255
4.553279967876733
11.50416017771931
57.50352197501343
37.57104044980224
62.79724648338743
3.763583920954261
6.494688172097085
8.91475178359542
14.24304024840239
14.45039994141553
17.48735947257956
4.811616069673619
9.52559984580148
5.03452788307186
40.76784081989899
12.895200397179
19.29743952350691
32.08723197458312
23.99414414539933
4.319999969447963
5.31791994580999
41.63961651938735
46.84607987583149
7.176384152990067
6.228576039575273
2.135807926242705
2.490048045183357
0.01296000015145182
0.03888000045435547
0.03888000076130993
2.354399962132447
6.238079958711751
15.46560012793634
8.84131201019045
12.43728009285405
29.94537701597437
19.7441277501639
19.09267194305357
40.7712958403863
8.74281587311998
17.10719966213219
63.0365769029595
21.91622458922211
11.90851183055202
7.05455992865609
46.04774406761862
43.51449547248194
29.13839996326715
8.017919838312082
12.45196833042428
4.786560101058512
8.815392048563808
23.57510441215709
17.4752640130464
13.41359959042165
5.516640054338495
5.892479993963207
13.60627218527952
9.970559972862247
53.610337106511
21.47904057637788
23.36601681599859
15.66000027232803
5.918399980146205
11.39615978754591
34.65849565691315
4.574879906431306
21.56716795871034
15.32217599451542
2.717279989701638
0.3568320018985105
7.549632075824775
23.65632033906877
13.59158398699947
16.33305599098094
34.854624804575
11.98108815824526
3.974400068545947
0.1511999996182567
0.06048000070677517
2.898720030498225
20.13983965152875
57.52511923201382
4.108320076556993
6.726240041462006
17.14521604590118
26.11526418768335
38.08771083131433
10.71792012862716
7.832159843201225
20.35843193298206
18.80928004975431
20.52000003168359
4.799519986408995
25.75584029546008
17.81135983765125
29.59459263947792
30.4862400109414
15.59433586662635
18.41184024524409
6.963840141543187
32.12524820119143
6.621695948706474
19.53504038974643
8.653823949862272
23.73062386759557
16.28380835463759
26.64575968519785
18.16300844075158
14.85216044675326
39.77510455297306
6.993215948750731
16.81343978270888
15.13295987388119
15.44486348284408
14.83920015161857
6.613920089876046
4.652639948471915
13.79376004915684
6.715872072527418
6.445440083916765
3.917375944729429
7.878816091397312
15.33254443493206
4.35023994432413
2.751840010364504
6.956928096769843
7.425216173578519
6.644160143332556
54.42336107371375
14.16873613052303
7.318079793913057
12.61094380824943
8.372159726422979
3.030047977517825
13.29523174208589
9.835776023101062
5.331744035356678
9.107424024841748
9.331200094311498
11.63376010372303
2.998080033808037
1.842047992795415
8.729855853016488
4.280256048423325
1.918079989263788
3.051647975007654
3.882816103941877
3.969216054611024
21.16627195500769
24.92553603951819
3.995135986770038
6.518879739451222
5.462207912933081
3.957984091130129
2.812320079829078
2.531519892681899
1.311552043443953
3.015360014978796
10.12607997836312
7.909919958910905
8.925120066851377
13.31510400341358
10.29801608528942
5.582303894630058
2.587679997395753
5.564159934874624
14.85734443122055
15.72134385933168
8.581247931579128
6.967296183574945
10.25568014010787
26.58873597392812
26.52047983137891
28.16121600335464
12.72844803897897
7.278336037416011
6.309791907551698
10.08719983947231
9.82800004640012
16.18444822670426
7.776000039302744
15.12000008951873
20.50703993299976
5.513184041774366
20.102687808685
5.379264082876034
21.32956772111356
13.93286418897333
10.03103989560259
12.15475178032648
17.70767959824298
4.947263779467903
45.03513624658808
39.7854715003632
9.116928228831966
6.294239836279303
13.17167971283197
9.228384002926759
11.12659181926574
11.00217578932643
21.09369577956386
7.381152030575322
12.08563180407509
11.15596789168194
9.573983844893519
14.26809598342516
34.20144032570533
24.28012771415524
28.8835208513774
31.85568045882974
7.207488099084003
40.31942366855219
11.15596802919754
11.7054718610234
19.42703996028285
65.72879946324974
28.73231954290532
37.29023979976773
13.29177593579516
20.20895962778013
20.35065656527877
9.510048088850453
12.2299198890687
53.70192045229487
26.24399969063234
22.77849556412548
42.95375986257568
10.3973761346424
12.17289605992846
7.680960140714888
9.098784076923039
23.46969564096071
73.21363175287843
3.684960045211483
16.02719976799563
67.10687832674012
17.52364789426792
6.664895845460705
0.7050240239550476
8.604575920617208
30.04992061760277
22.18406387837604
31.73126381007023
17.10547140537528
30.41366344259586
60.59232027037069
23.02991996984929
14.46163207801874
12.83040011003322
14.33376015338581
6.58022378320311
