8.380800008308142
4.622400003063376
5.508000096597244
0.4751999988002353
3.542399934576679
10.80000012007076
7.128000055672601
12.09599977300968
11.88000009278767
11.87999993562698
26.04960033204406
20.62799991108477
11.21039998397464
9.720000147353858
26.76239978754893
15.7248000978143
11.96640001398919
8.877600127379992
1.771200049552135
16.61040002436494
10.9728000999894
13.13280035974458
22.07520024385303
9.784800051420461
25.33679954067338
12.16080014855834
13.30560026108287
14.12640014605131
4.319999969447963
4.168799918261357
1.295999996727915
2.008799963005004
9.871200257475721
15.76800023030955
27.64799985161517
14.40720016253181
10.9296000264294
2.376000018557534
16.02719988586614
18.57599984505214
14.2560001113452
0.6479999836301431
6.199199898401275
15.31440015533008
6.95519991859328
3.607200160331558
4.017599994767806
12.95999990834389
15.50879967107903
9.309600315373245
44.10719921579584
15.09840047510806
19.5911995600909
12.22560005262494
8.683200110681355
27.58320022257976
3.520800111436984
8.207999949809164
5.335199959517922
11.01599987887312
4.773600005137268
8.0135997661273
27.73439988086466
30.45599993783981
16.50239992886782
20.54160033858352
7.559999946533935
4.449599875806598
13.95360016613267
15.20640043308958
19.69920038245618
11.72880019876175
29.37600004370324
2.591999934520572
12.18239977279154
28.08000007644296
5.313599912915379
9.482399752596393
26.28719931235537
27.56159958662465
27.00000002514571
10.54079979658127
11.16720016580075
26.22239976190031
9.115200242194987
30.93120041303337
8.640000174636953
15.09839992504567
14.88239993050229
15.61679957994784
29.87279989756644
7.452000165358186
14.57999990670942
43.45920088235289
17.81999990344048
18.31680038594641
5.183999947621487
3.563999929610873
11.2968000525143
2.592000013100915
4.36320006265305
3.542399941943586
9.179999807383865
22.16160058742389
13.34879996138625
52.85519887693226
23.11200028052554
10.92960024252534
5.183999947621487
8.207999792648479
7.128000055672601
4.687200007811043
3.412800055230036
16.84799988870509
1.512000040384009
   0
   0
0.06479999983639573
   0
7.041600105003454
19.22399990726262
11.01599987887312
24.62400063523091
33.26400025980547
21.40559986000881
21.38400000985712
12.87359980051406
25.03439959546085
38.90159949660301
38.23200005572289
39.54959971597418
5.896799953188747
9.849599955487065
15.98400006769225
12.18240029338631
6.695999830844812
14.68800010043196
7.019999861950055
33.5231997189112
7.775999960722402
6.696000302326865
20.73600034054834
31.21200003661215
12.09599969442934
3.455999991274439
11.44799994654022
17.06400035473052
15.33600016264245
7.106399969779886
7.992000112426467
18.57600031653419
34.14960040245205
36.80639988742769
30.06720074918121
20.30399995855987
6.372000114060938
15.20640011876822
1.619999998365529
42.98399875697214
24.62400055665057
3.15360000677174
24.14880000287667
20.45519985258579
40.60800086008385
10.54080018948298
13.19759991019964
9.136799851694377
12.6792000097339
20.69279954012018
18.36000008624978
32.01120046433061
7.04159998713294
7.840800257690717
25.16399924643338
17.10719989787322
7.365600136108696
7.883999918703921
16.97760024690069
19.43999998038635
10.43279999576043
5.270400055451319
4.816800189200876
6.436800135998055
46.91520032356493
15.11999946087599
18.18719987059012
16.41600005677901
6.890400053816848
19.26720035407925
18.27360037132166
14.40719961246941
5.140800011577085
19.22399990726262
24.42959962645546
18.01439996925183
23.30640003201552
54.64800058398396
22.46400006115437
7.948799862060696
21.85920048505068
14.16960016067605
30.41279992321506
80.1359991542995
27.54000020795502
18.94320012652315
32.83199948491529
18.98639998398721
45.83520058658905
40.88879875489511
39.3767996574752
37.367999763228
56.28959925379604
10.99440002872143
18.70559973176569
27.23760026274249
7.300799878430553
3.283200050645974
3.801600068982225
9.849599994777236
21.10319975763559
23.15520029515028
12.87360025235103
44.8848005005857
7.084800139273284
44.71200130647048
12.31200008187443
18.92159949056804
13.06799966987455
4.535999963991344
5.356799888249952
19.67759966792073
8.143200281483587
7.775999960722402
8.856000326341018
7.34399997163564
19.22400053590536
10.99439998943126
1.922399963223143
3.887999901780859
10.30319987330586
3.672000064398162
5.831999852671288
6.91200006112922
10.368000130984
6.911999903968535
6.911999982548878
11.03759996476583
2.181600043604703
11.66399986250326
23.78159987856634
15.22799981175922
13.8888002227759
3.175199896213599
3.542400000878843
6.177600166120101
3.67199998581782
5.313600148656406
6.652800022493466
9.914399957779096
4.752000037115067
6.242399991606362
16.13519988313783
7.905600122467149
12.46319970086915
8.985600016603712
12.09600000875071
5.183999947621487
4.233599959843559
2.592000013100915
2.656800035038032
2.160000024014153
0.9720000147353858
0.8855999781189894
1.900799975555856
2.592000013100915
3.023999987453863
5.443199907676899
9.676800054148771
1.96560002204933
0.8639999781735241
3.455999991274439
6.674400059273466
1.209599996946054
0.4319999890867621
0.1079999972716905
5.594400007976219
6.02639995777281
5.810400081099942
5.57279999329694
5.745599980582483
5.400000099325553
10.02239990593807
23.32800035364926
25.91999981668778
12.78720007085212
3.672000142978504
13.37039996869862
8.01359994293307
13.30560018250253
4.859999823202088
9.288000001106411
16.19999990507495
33.0479991651373
8.639999860315584
22.68000013427809
17.94960034021642
6.501600157935172
3.58560007689448
5.184000026201829
9.849600034067407
12.3119998461334
12.54959968346157
11.21040025900584
7.646399980694696
9.50399991706945
17.47440025792457
14.68799994327128
7.732800122903427
22.50720031152014
17.92800001858268
11.42640001780819
37.04399988928344
56.03040105197579
54.17279995162971
37.58400046499446
12.93839968493558
26.22240039054304
11.18880025169346
52.83359871245921
43.09199918643571
16.37279995620702
22.74479999905452
16.67520006594714
18.42480006889673
16.0254719434306
54.24019281053916
5.417280027700144
22.69036771031097
15.12950383184943
6.251040081951942
13.04208014043979
61.27055946271867
9.983519992965739
8.548416213102428
24.35788814909756
9.859103592225438
2.543616048387776
10.41033591900486
15.67900803202065
45.77817593235523
0.9763199690496549
24.56784045316454
2.045087991791661
11.6553596493759
26.85311953537166
34.59888083743863
23.16384020377882
9.136799841871834
9.927359925393375
10.69113609264605
4.967999972723192
12.76992043531209
7.257600020966493
28.50335942512174
15.80774420290254
4.384800069965422
16.82640019571409
13.3678083497216
29.64556939696195
6.699456030037254
4.795200012449641
5.849280131587875
27.49334407271817
5.944320118578617
8.134560019243509
26.19647972169332
39.18240100611001
19.34063993103337
9.370079997461291
3.633984132466139
14.77785593597218
19.51171240070835
26.36495993883727
28.19664017879404
5.833728079960565
13.17599998146761
6.082560120194103
26.77967991912737
13.20624013314955
19.35360010829754
40.37817677599378
64.67212771531194
4.185216058976948
8.850816224003211
35.62531243369449
53.51356824394315
4.88851207173866
6.183647866419051
2.260224086330709
0.1900799936265685
   0
0.02592000091681257
0.01036799963003432
14.76576022105291
12.31199992471375
32.69375937525183
11.62166431022342
17.82000021776184
21.60345604643226
31.16620749933645
20.59862385954148
41.93769560661167
27.98150299640838
16.51103968033567
43.4911678370554
13.79548821751087
18.16732815932482
8.175168139860034
17.71027180657256
65.06783977383748
22.92623949469998
18.98985626176
15.91228764737025
9.238751834345749
8.867231853946578
32.58662450825796
13.64601580426097
18.62783992546611
7.326720148853383
9.522144039510749
7.796736134332605
7.214399849181063
30.47759994515218
19.31039977935143
21.81340826209635
19.56096027279273
6.609600115916692
9.228383835943532
42.99091249122284
7.784640164027223
13.82745624287054
14.02703978237696
2.178143982541769
1.148255988800884
6.416928123303478
16.13779209146742
17.84246382303536
15.49756786844227
38.23977510910481
18.22176013374701
4.442687968548853
0.06048000193459302
0.2980800022555741
4.924799885657194
42.05951996846125
25.80940757179633
11.65276779956912
8.920799768748111
15.84489636006765
15.36883212975226
22.25318377604708
10.28159992492874
8.562240073661087
24.98428757535294
19.45296007907018
32.95295977732167
6.443712102191057
11.72448002835154
11.37023982591927
25.75065556447953
25.50528023421066
5.829407958663069
20.53296013036743
5.032800053595565
19.12032006075606
5.723135898301734
42.56496035959572
14.17564762523398
21.80131191853434
8.530271822382929
18.13017582535394
15.26428805664182
23.24160016723908
28.94659179146402
5.511455902887974
32.33952044975013
17.28518382296897
16.99487990699708
21.1023356881924
6.695999835756083
3.935519988590386
9.93599982757587
7.661088115128223
3.404159979618271
5.161536028026603
4.834079915599432
2.707775977251003
6.754752113192808
0.4795200003854916
4.35974394204095
4.242240045277867
6.721920146082994
35.43868765700608
10.22111976521956
18.78681565867737
15.50707200797206
8.75059233542288
3.545855970469347
7.360415984658175
9.478943985595834
9.097055938036647
9.434016382147092
8.130239711317699
13.52591975810356
1.23119998461334
0.2885759962509837
0.5840639814095994
3.194207970227581
1.157759978536888
0.6825600208685501
1.492991990926384
3.331584103761998
13.30127967812587
13.58985590704833
4.086720023201451
4.276800018669746
2.130623965717859
1.243295994208893
0.3758400108381466
1.127520022691897
0.9927359918947332
2.617919935437385
9.78825600136588
7.326720115088392
8.087903766136151
20.02319970633835
25.80076750600711
5.549472084680929
0.4708800042749317
1.641600042512437
8.808479826984694
11.10499184786704
4.378751985359486
6.818688183557242
4.911840055865468
14.31734420912107
13.91731223557144
14.45644811319653
9.059904016612563
4.555007929957355
7.150464112783084
8.164799881160434
4.815935930673731
10.50710372073809
6.231168120211805
16.2984961993061
7.455455971648917
8.938080165535212
23.09385607950389
14.76403239648789
18.93801586702466
11.6709121823078
12.5668799795676
13.67193588375812
14.09097595096682
5.068224071874283
26.9006397400517
26.52134452946484
7.14009582216022
8.271935993775514
6.765119826741284
5.530463976901956
8.270208029853165
16.51276813354343
12.40703978401143
7.869312074035406
7.462367937841918
8.074079990910832
14.88239969476126
13.62268773664255
35.16912054328714
24.21964772511274
16.67088026879355
12.01824002564535
4.344191949348897
17.16422384488396
12.35001591558103
5.666111976461252
8.484479727121652
29.56176090810914
35.31600016867742
16.5672002651263
9.200735973627161
9.270719869527966
7.077888114145026
4.132511982174947
9.196415948099457
31.89888039487414
36.22752027295064
53.7554869428277
49.8355204006657
4.972320143133402
18.44985592179
10.70496010361239
9.458208087016828
4.23446400964167
32.26089578820392
12.69302388318465
14.5281602977775
30.43871996342205
10.96761576191057
3.930336063058348
1.376352026090899
6.346943971402652
14.06160020269454
23.9492159918882
23.49302362999879
21.40559970284812
28.0920950055588
50.55264055699809
15.94944027601741
9.11520021763863
17.01993603492156
19.72511963685974
13.90607980429195
