24.18512661382556
21.43648337572813
0.8296854668296872
   0
0.03891249746084213
13.99900538101792
10.26694529294036
1.079911622684449
26.07678773521911
2.467841382138431
24.41574008017778
42.04521067067981
41.66138970851898
4.585442845476791
53.7671008054167
7.331187466159463
1.640191279584542
15.71855683624744
1.856597783975303
2.146534239174798
0.5321553908288479
23.74830570723861
17.3640138246119
13.58259227196686
7.749042432755233
1.838631115853786
116.3765625874512
10.16707646579016
0.9829130880534649
1.978578183799982
0.008027349598705769
10.070028366521
7.346602784353308
24.96968579292297
1.501531498506665
9.638507271185517
13.52068701466487
0.3687739642336965
12.36578636360355
6.155458956724033
20.09137358283624
1.797997143934481
5.966896541416645
1.76550286449492
1.521395480260253
   0
0.06513854791410267
6.738690043566748
4.163477391630295
4.805027957889251
18.85008996538818
4.405542643630834
45.69862029375508
0.06375358160585165
15.16229169840517
53.44680739741307
1.545994259766303
9.53314072964713
7.573985260911286
4.431373619008809
   0
13.70557478442788
15.0768513334915
4.055232394690393
6.013430325455623
0.2298315763473511
1.670916919130832
   0
7.148092795163392
7.450833803467361
3.306342198746279
9.1837820247747
11.90222065347862
9.989744733087718
1.963075254578143
28.37922469526529
   0
48.41251074837055
0.04277310147881508
65.18505346961319
2.88136479863897
6.430677792988718
125.7338944091462
121.9893660396338
5.815716974437237
156.402896694839
19.36453929112758
0.9194654133170843
0.481549899908714
25.48307533515617
336.9676607940346
0.819355845451355
71.72935196524486
8.206587580963969
12.78650755528361
38.33573912350704
0.1523044745398447
1.599857830558904
   0
   0
0.01377271767705679
   0
4.703780145384371
54.56927986466326
11.65268748672679
33.11746993474662
17.40328255668283
2.81999399815686
88.52568728418555
46.20822139643133
24.98871876299381
31.2371065877378
7.71585121518001
3.57729209959507
   0
   0
1.34281811863184
   0
0.1313641965389252
   0
39.31983222393319
20.05579022318125
137.8034236840904
47.50937915267423
6.513390246313065
33.39243348187301
0.2281839664792642
2.028974328539334
115.1179013219662
10.42998230457306
63.33395415742416
2.793926984071732
27.62288258224726
6.647663252428174
0.2351213544607162
19.44888289377923
65.89779061163426
0.06240664981305599
38.3289298322569
13.81991101783933
24.90819703042508
3.061450946610421
66.55782897118479
0.1079012950067408
25.83298295340501
16.22779775131494
53.60425509198103
1.087292035386781
   0
2.415273264050484
74.61145511129871
23.62504697666736
19.09640617668628
31.74794206339003
30.05347865074873
17.15927144978195
10.02270746231079
12.23885530419648
4.50328676123172
0.7943781553767623
26.38233631802723
27.73046299349517
2.405780506320298
8.466789928061189
22.86113412495697
23.36117673665285
7.817140402272344
16.12569959601387
61.44979741703719
17.79034323617816
25.14355174917728
0.4654627162963152
1.646293660625815
5.914473273791373
0.004610678181052208
0.03861257090466097
2.261915734901972
21.97905382841678
5.878256956748373e-07
2.011945012491196
1.394578278064728
0.00975019671022892
0.4444952504709363
37.99841339571867
4.918676359578967
5.035310463589274
7.566811677998198
5.073835539593571
18.19299224670976
23.20251552853733
5.285105583257973
5.959257743274698
0.6069322676630691
8.163574072066694
15.13093335414305
13.43908012774773
23.51613778341562
0.08547532209195197
0.05253567453473806
5.401853701099753
38.09872586885467
1.549506211653352
0.04087666631676257
4.927197685834845
12.62465564534068
103.7485707647662
4.20546385784538
35.02571881562471
1.183504053938783
11.39091998812755
5.21145692653954
16.54631757596508
0.1904077380895615
4.366409154273555
27.57357199816033
16.10621935874224
0.1460536569356918
1.240957602858543
3.423216839325175
0.4113476714119315
3.643091302365065
63.99423457977608
1.243624909685561
3.507927394937724
27.47703443088997
4.855377270372532
98.40837925300002
1.642303973436356
   0
0.8644491310926252
0.1424971532814134
8.18534311660858
1.205617279163562
0.06244027701904997
38.8730005864054
0.05683942558243871
0.04781564697623253
   0
2.028059647418559
   0
0.02693580440245569
7.631371920928359
0.9588017165660858
   0
   0
1.038629385177046
0.006891077850013971
9.518354570493102
23.87335928250104
22.34551376150921
20.02608143398538
7.930155903100967
   0
4.411930358037353
0.2409314126707613
4.527375106001273
   0
43.57433036714792
3.828490620478988
   0
1.76149699150119
7.226242774036333
14.42689683288336
   0
58.16576696932316
0.2368861036375165
7.021568908123299
1.205722050042823
0.0166160361841321
   0
   0
1.809026125818491
   0
1.038355417316779
0.1406214311718941
27.96867897501215
1.856931932852603
2.245474323135568
5.294577054679394
2.047974047483876
0.01574414223432541
2.7302250363864
   0
   0
   0
0.8028005063533783
   0
0.2903466373682022
0.06265618745237589
30.09807882364839
   0
2.3946861512959
6.706936303060502
26.05213152122451
8.685424925453844
0.01897768792696297
0.9732567105675116
   0
6.74307628441602
3.491378794773482
0.1055258400738239
0.3369672074913979
5.883732171845622
   0
0.1540692048147321
   0
   0
   0
0.01145027950406075
41.24070638557896
7.703840299509466
3.249277358292602
21.96829529106617
0.9790056337951683
0.1322619645907253
0.05407746287528425
0.9889506697654724
67.36942704021931
120.2649155668914
1.828273033956066
2.829502120614052
5.025507766171359
20.14525974495336
4.563790580257773
5.804191716015339
1.255987081676722
68.98070905916393
13.79902521264739
59.46908742468804
32.51130373508204
44.07285629212856
2.025580128654838
27.64548716694117
3.13518242619466
12.91207333654165
66.20194418355823
1.871424672193825
1.330450989305973
3.747375411912799
11.27076252130792
2.874433294171467
27.77596615348011
18.17444837989751
4.274060625117272
138.8815017812885
0.4359117127023637
7.424350830115145
25.64201642572879
6.091931475035381
15.19945394620299
0.9144936949014664
2.590410478413105
1.142104191472754
13.32850705459714
30.10416600573808
0.03285332839004695
8.03154833894223
   0
4.459500347627909
2.295964676886797
2.652794421650469
0.3144219117239118
45.87594031071952
0.8444229650776833
4.339362492430681
7.167413865914568
0.06945681571960449
21.01748677575961
6.470175880938767
5.816019473830238
0.7362812194041909
0.08236394636332989
14.12696994096041
2.552937912521884
11.15655047632754
57.35705610585865
56.41574467904866
86.33535862441049
24.99263703776523
0.07905955100432038
3.258737526834011
31.54832717776299
5.58322922559455
   0
0.0425951179349795
44.31015457382159
7.772328581660987
13.63057120144367
21.16502598347142
33.95531433075666
21.32188220368698
4.598897766787559
7.830609506985638
0.3263218719512224
20.24988821404986
15.84538474632427
1.002869610842026
13.84385681618005
6.960062838159502
1.056442928733304
1.925171764334664
0.4777026250958443
   0
110.4055089280009
22.35587202281622
50.00013641268015
16.10268925130368
36.8248454782879
66.29247001232579
110.0220941425068
20.39457757115482
93.4566347822547
43.1180543858621
58.5451997413839
21.41379335802048
12.06500628378126
3.731531755824108
56.79306714782999
49.69015697203577
4.415887397713959
26.79627702896096
11.99640746414661
48.02284574508667
1.709933368489146
55.15867887809873
84.64939570035612
14.14281431492418
1.688105750828981
6.430134053807706
14.06435616496776
35.75959839159623
35.99293097504415
0.059122234582901
15.76736524514854
2.635735781702387
25.34822535142303
42.25943793826821
6.906927108764648
   0
19.45509668620387
27.12951610568697
   0
   0
0.009355262853205204
9.223751559795346
15.4115424300544
32.89224884778376
0.9104281635954976
131.2925244932994
13.92340200953186
4.244318933691829
0.006279140012338758
   0
0.5883322875015439
4.30089055535791
35.27890448808785
0.2975522154010832
8.47627355530858
2.804829466622323
14.45068650902249
13.10212944471277
29.93113735318184
3.510255458299071
13.347656221129
1.763032997492701
30.08067887893412
0.5031375596299767
27.03013053921974
5.001965184696019
38.02222875878215
0.03346629835868953
68.78075608611107
   0
12.69092588685453
23.1875019967556
0.766212129034102
30.46550550311804
21.10505151934922
8.954128827997536
3.552632978186012
27.16459102369845
29.64811154641211
10.30578377842903
23.73053836385039
2.154328721575439
8.001838092692196
0.0451292097568512
1.645669172226917
4.204551056027412
17.21131163835526
17.25648570619524
53.93254137039185
0.005073049571365118
34.89249817281961
1.540192254353315
2.478012461215258
0.4464819747954607
5.075158808846027
0.006473836565419332
3.137122078565881
0.0837080378405517
4.611811513430439
12.97059958399789
0.09384480072185397
15.10170960426331
0.2252483863126871
   0
1.011139431968331
10.9656622213111
1.656828359235078
   0
12.45592353751999
23.05743730813265
0.1913318538275917
   0
   0
0.1943276141660135
   0
   0
   0
1.668221885338426
   0
3.46781917475164
14.55278699006885
0.6578718284144998
   0
   0
   0
   0
   0
   0
   0
5.424016419798135
5.607459696009755
14.26769950985909
1.847854055464268
1.051758357614744
5.034840021282434
   0
6.751151632517577
24.61345722386613
6.178575919591822
1.170827180147171
5.407123435288667
46.33724163472652
16.3901915922761
1.397088527679443
1.260664977133274
1.735894603654742
6.001304119825363
0.6539066508412361
0.9581520278006792
7.340753325261176
4.707037949934602
23.91566865360326
40.34767527971417
19.61457552574575
33.45794744364849
30.71040073370679
33.64663320221007
43.25748831033707
   0
0.2279068753123283
2.604654565453529
3.288038225844502
0.6457503019482829
63.38739371672273
14.95537430886179
51.92977021117423
3.776430707424879
22.90262244199403
62.49490761878663
72.47822261699002
57.55849911272526
3.026943312957882
0.4954700693488121
88.03866043256238
41.43092650175095
6.539200648665428
61.98999807983637
124.6499629812315
34.53241565078497
68.56676172465086
56.19460214363789
3.173532253131271
70.10039634210989
131.9491782188416
35.76624715648097
73.71174193685874
35.94333904050291
17.00071780197322
67.25362608581781
0.1024053869768977
1.664454906247556
34.09698885306716
2.023795451968908
0.9903495702310465
15.03533619199879
7.472077952290419
9.495926595292985
26.06486736994702
61.72526685637422
39.80780570022762
20.23194064758718
2.915781283052638
0.01048134762095287
49.72339367121458
34.10275964811444
0.07802026160061359
12.3674636753276
1.329321209341288
0.09957871586084366
   0
20.86140204500407
2.093237329740077
40.66734649240971
3.836428090929985
3.618395055120345
21.61465835192098
7.389772775350139
15.55403183423914
5.184251652797684
3.316754285013303
2.383977252990007
1.705273589119315
