0.6710845422931015
0.7660057166940533
   0
   0
0.7273584306240082
1.118462787941098
43.18035803502426
0.1546107169706374
30.83534213900566
2.221735589206219
41.57306542666629
18.09823533240706
33.29832918196917
21.99861966073513
35.97645808687412
4.939755966886879
0.8153403519536369
6.504315625876188
10.70889453496784
79.31169525533915
2.447187905199825
8.984341885894539
10.59009409870487
10.76293928362429
21.59702430572361
1.530397806316614
41.48687568306923
8.135613969760016
0.2452037024777383
1.209776665316895
   0
2.556875270587625
0.7713026748970151
3.901668246511641
1.690415119752288
0.86180922947824
30.88661380391568
10.11977170500904
6.524987497366965
19.06571375019848
11.93807200645097
0.03761159628629684
3.959064222872257
0.9355150144547224
20.53234494104981
0.03210392221808434
0.03064637258648872
10.6014766767621
3.233425190404115
7.8580527694794
11.05668224953115
11.48222001598283
1.88810998480767
0.9855952151119709
2.683353683169116
33.75351131358184
2.868125854991377
15.77275931742042
4.246804820140824
3.80480132624507
   0
24.63283166568726
11.26826194161549
27.15031366038602
16.22633817006822
3.388486512936651
1.106482319533825
0.9571096897125244
18.59836445562541
1.576399187673815
4.579476488521323
16.59080664254725
15.58015752084917
9.788595907390118
0.876901775598526
4.536063009873032
0.04063894017599523
37.82820450887084
6.558345371857285
54.8208034922136
4.912758068065159
24.01377202523872
18.48842607205734
75.22412705421448
0.2028565881773829
45.62467516958713
101.8287363779964
1.21919666917529
0.001701229135505855
18.79315277002752
69.00120756775141
3.189926440827549
83.82291176944273
1.93077726662159
20.92891657105065
50.79731674868772
0.1698482632637024
3.178096837596968
1.392412930727005
   0
2.781949999509379
0.3636226058006287
0.5478992750868201
25.87646293081343
8.000428555649705
59.37161226896569
32.61895909614395
3.754947606474161
57.7680466020247
57.04492173530161
16.30309833586216
17.6927136182785
9.726975088473409
2.328746926039457
0.003945521834897825
0.07049796730279922
2.896238684654236
   0
0.2341923415660858
0.02946905477438122
67.75696597807109
42.5588896140107
47.38738264481071
46.27119562542066
2.125897193560377
30.28664241544902
0.5858982089557685
10.08359551278409
78.28068755625281
0.9120328896678984
17.20250024157576
14.3758089588955
12.53160918178037
3.091798228897417
0.7421606038697064
16.10483725660015
58.54812998668058
10.94993278943002
39.46778737446149
36.24268125911477
32.75796720385551
2.373872639029287
65.5209650080651
0.5713023315765895
41.25479368492961
13.56017363746651
70.95704863546416
15.66799205087591
   0
0.9349510152824223
31.47101703472435
4.470759231320699
32.68094751676988
31.9917099914244
20.71030769776553
30.32117306743748
17.41402977897481
6.358664042316377
15.57691329717636
1.924577239784412
14.22601609863341
21.80469462089241
2.530689293518662
10.05177600681782
49.61344806104898
1.157034609466791
5.629194758832455
11.67602363717742
45.68845804710872
5.89104813720769
61.40124469995499
0.1579194730147719
0.1820380287244916
2.926439176808344
0.03774992376565933
   0
3.2329262009589
11.345869683607
6.650269410918312
2.140148995444179
0.304977068095468
0.5838776570744812
0.7271210718899965
31.91012629913166
9.04390197619796
14.06835099309683
2.643717356724665
7.599395659071204
43.02749604359269
11.04142574546859
0.4990974561078474
1.407871074974537
15.94808863621438
13.80636913137641
4.661214128602296
14.45206386646275
30.00365823879838
2.281479564728215
1.872756851837039
2.116308416239918
13.81233637523837
0.8622058346764985
3.598892699048961
6.891753465868533
4.571166682755575
56.81919395923615
7.35963378000951
23.33622037943897
0.1774503394730829
15.30386707192724
0.1575204911641777
14.98618632904254
4.425933450460434
5.444130569696426
22.54922187211923
4.750056572258472
   0
0.1467560878954828
0.0647065956145525
   0
2.774736912921071
42.23689210787416
12.74280763365739
0.5664417701773345
85.10072546657352
1.221409801908294
41.60974294692278
1.111546009778976
   0
2.956690447533006
0.7537438375875354
5.41327350679785
2.713851817883551
0.1779302358627319
0.0124388518743217
0.1754325646325015
   0
   0
0.5276493579149246
0.5547143848089036
0.4351793602108955
0.07110552431549877
0.110658835619688
   0
0.189018408767879
0.01105664204806089
0.07389973569661379
3.274332497734576
16.08026319253258
24.85229869675823
11.93787362426519
0.782844081055373
   0
0.0003262699756305665
2.85247088666074
   0
   0
0.7706493851728737
0.03198287263512611
   0
0.6680619642138481
2.131019972264767
10.3890545964241
24.69552112812782
56.4315349906683
4.080145470798016
0.3986790142953396
1.416391108185053
   0
0.6397171588614583
   0
   0
   0
0.1730205863714218
0.2486079493537545
13.50680292863399
0.6426693787798285
0.5492562837898731
2.290746101178228
4.144903967389837
   0
0.2964297160506248
   0
   0
   0
5.575452009914443
0.163849264383316
0.423632375895977
1.149212727323174
2.34909482463263
   0
   0
1.340066109318286
13.02518995665014
9.416896060109138
0.08517115376889706
0.2962423859862611
   0
1.594402374816127
0.1501575486909132
4.368196115363389
9.291302281431854
35.61831675097346
   0
31.481540678069
0.01620357669889927
   0
0.09213496744632721
5.33416828326881
29.42706117779016
6.463365027797408
0.5365461842156947
15.30361957941204
0.4376622661948204
11.87072002515197
17.08557155869494
0.5237983968108892
15.12614229880273
108.897978445515
1.51545370311942
6.861722707515582
19.68768045332399
47.25278070010245
21.62271954864264
16.31220719544217
11.50628865510225
119.3745912801824
10.91415659547783
96.58757503854576
49.1698044091463
65.80476645659655
34.8755473853671
60.45922625437379
0.1759748838376254
11.71054497174919
34.23457627557218
4.678101295139641
6.477734672836959
21.54670803248882
8.713435089215636
4.014651059173048
37.94496686942875
24.17994636390358
3.256637393496931
93.51255618454888
4.472985670116032
4.261581335682422
34.5756296813488
1.893753383308649
10.43085164751392
8.042303653433919
1.784191014128737
0.8051249533891678
4.540406791027635
10.5420342187972
0.0009976276196539402
1.549999823793769
0.0005836174823343754
0.04814109951257706
0.6614710357971489
0.4904202260077
10.71093407983426
24.98252659124883
4.832960300147533
11.17564804837042
26.34209683898371
11.95672311447561
46.73693181737326
13.84359523572493
17.7960166791454
6.54066164046526
0.02459492534399033
1.574545373441651
6.487572517246008
15.28505093127023
79.82888780767098
109.2130798767321
47.43110488844104
20.57721620076336
0.2920287365559489
0.3656416479498148
23.51979321276303
16.72022303007543
0.02174730339902453
0.8704139415640383
60.40466393530368
10.18909771228209
3.740710869897157
18.46122151555028
77.25124898646027
36.47470805421472
61.28559121349826
17.82920993492007
0.001686292001977563
44.45310110389255
18.20375185320154
3.15576261345177
22.98898045974784
5.859457749407738
0.5334797662217169
0.1625689603388309
0.007342278026044369
   0
33.02124001149959
5.384427138888432
29.61584738641977
21.72181455490781
7.060239017941058
33.66102496568667
82.84533919102978
20.42468175292015
64.03960097208619
17.36256405664608
25.21430480480194
26.83621726055434
6.089625613531098
1.320430640596896
34.45228339845298
9.799233273253776
29.58071523532271
22.95844282233156
13.10595507069957
7.407306051813066
3.488597197690979
41.73793587422864
56.90673593840125
20.88323689252138
8.103605363052338
0.07316556596197188
11.89810499845842
83.15411111735739
16.49180014361627
21.75641507773317
11.87775199329862
22.09768930915321
6.002285619033501
43.94645636565983
12.69604538567364
0.02033492550253868
12.09001132664823
58.96836124353075
2.246040642261505
   0
   0
35.94373415410519
1.515507668293424
34.57842931609571
0.3663753839209676
119.192961560213
12.88616410270333
5.485729254665785
   0
   0
2.902554315191082
8.246734285727143
30.49507032410176
4.228777881711721
9.986959421075881
11.99122072989121
6.951912400312722
20.46693890645589
28.01828407852389
5.122156464899462
4.145775533281267
7.161171101033688
23.82304904330522
0.08786071348004043
22.84893558127806
1.681129868899006
44.2483781799674
9.474526019766927
35.51318591088057
   0
6.362298064865172
16.47119476716034
0.4342243815917755
15.14799848850816
2.696543951518833
3.784868905320764
0.007420769426971674
21.45327033288777
39.33283245749772
1.56184924126137
57.66001821701092
2.927482878323644
8.768904312280938
4.163146645238157
6.765268927905709
14.58929897417531
4.232938749715687
2.341651754672966
46.74634103477002
1.676110547035933
7.83162007923238
0.3167922385036945
1.051367417443543
1.383921613916755
1.51163449184969
   0
0.01211690530180931
0.1252975314855576
0.8265661597251892
13.6385416246485
0.1509097502566874
0.67177988961339
6.041508850641549
   0
1.307316213846207
1.767484204175703
9.788762986660004
1.048333122860641
   0
0.5375201697461307
0.353674947284162
   0
   0
0.01999999955296516
   0
   0
   0
0.005079807713627815
   0
0.08675018278881907
3.40079904627055
0.06699757976457477
   0
   0
   0
   0
   0
   0
   0
16.85604023933411
0.514911949634552
6.082712635397911
4.722751758992672
11.10827204957604
0.1961839674040675
   0
1.376264810562134
24.17835801653564
13.5757891535759
7.386004045605659
4.873263776302338
   0
5.500977277755737
11.05339401960373
34.18269345909357
14.4654780337587
5.295720512367552
1.041803501546383
0.2342417221516371
8.551215168088676
0.4530486222356558
88.02528197354158
86.13944698870182
18.39761549583636
4.647153738886118
9.164983734022826
26.10354778933106
85.42357632628409
15.04640828259289
0.07945836707949638
22.93466894328594
17.61499382555485
   0
147.7878294698894
5.493130654096603
53.13530714082896
1.101801288314164
11.3810596652329
61.50806130464497
54.93640508960118
14.69509799929801
3.017985932063311
2.279912693426013
16.60403573513031
7.565368379582651
31.61342017399147
83.95947690272087
83.14289219304919
46.43412477057427
111.5234277844429
26.36974992603064
7.13921856880188
59.87687242403626
81.95152168162167
22.15256144851447
104.983793342486
18.9143301389413
8.041115519590676
12.32060574478237
1.325921284034848
21.20318118529394
12.67543520499021
0.9063663011183962
3.480617664579768
2.422352296067402
16.02005984238349
13.75268500624225
11.55788785828571
25.2652006931603
33.93971214350313
30.70103103062138
9.2315364619717
0.3804565072059631
18.79244323563762
11.09921679645777
11.91298341285437
10.7081148748839
5.894894184544682
0.05532150901854038
   0
34.86383475363254
6.395919606788084
26.54264047183096
26.13560120388865
2.91875770362094
7.928194988751784
31.88289415308916
60.0177326080399
2.400370864501145
24.85710502788424
2.268630485050381
58.94491072045639
