1.990043024828016
1.794394055648015
0.01823888472039294
   0
0.6720913081649726
2.308097011656697
66.23137130351184
0.2986168296849942
10.95955542237801
3.387632585814585
54.03584025822788
7.538059354415299
48.06439275539235
26.37820774804707
88.25544951286403
4.406912535100237
6.946059165752242
4.356683144390997
24.62784074909617
104.5789151648716
4.188221157310622
35.68222467231341
15.32383914714342
8.20954948310311
34.00208219134814
3.878022951671083
53.40333473657577
15.36167883361782
0.454523050929251
1.396718843135529
0.2198890372027675
6.241751968595492
2.95544619859028
8.287233562708236
1.39777188388104
5.633335355363501
28.47309225706129
24.79747844674264
8.267572347200987
20.74610160053379
14.68596373284876
0.3106984147827779
7.392408775148948
1.210653629183172
16.60051463440085
0.0413850147838331
0.1226876261511921
18.21967919698436
7.586786774893519
15.06488668953342
19.02066818180719
10.47718532479057
4.244015329586558
0.9751758712875962
2.977737630783555
28.62702188595586
0.5691851463895815
29.4976556532087
6.056809455092389
4.756191229447273
-1.960526542736318e-08
43.09658258293932
12.86244560367814
46.07420928416935
16.35594889575701
6.854246338188511
2.724700826512375
0.09417383395028263
6.235692749728433
12.69585508465646
1.154190845969391
28.9993500392298
25.44378245533326
6.434967766400195
1.266242015632486
6.22736594514164
0.8228670774008602
44.46184196534511
3.182840736038374
59.24884418090348
6.517359640039097
27.60290215565674
63.86136387835806
107.8546269134513
0.2727173962077897
31.69051638498184
92.25973194945894
0.9736065169416467
0.1645465219170809
22.76594538250322
73.40663212167823
5.205580955176808
129.4904571326027
1.009326713782961
17.61693148291706
63.79462817905828
0.08115304801321725
2.923992020391514
0.125303030978991
   0
2.697104799719993
0.6809511358903531
0.9685989034547265
36.19057346937064
15.21420071360256
63.24618511515246
43.9057769544257
2.301420516881151
56.92722495470973
61.61262168640022
7.908186044788621
24.83739339200674
14.97341409970857
1.492380430473832
0.1749903845833673
0.5174536592925325
3.943444682372878
0.00304077839644503
0.06885080875057653
0.6844868701379103
91.34602419445902
40.44481375238411
62.46798114497013
78.13010723082536
6.209322401170009
36.73673004591166
2.360011258094032
21.98272527196486
101.6961251860699
4.402205582260572
24.51444404938506
14.66991499771254
16.30306164568681
3.383464391770414
11.10216767296891
12.72714663366048
61.91023430978478
6.141783248566677
35.70037926948907
33.91158995110623
31.04385979338582
3.993732359111105
105.5580216089142
1.899866515489679
63.24367957754173
14.06074406196723
72.58150458280143
8.5809872690484
0.01653384764907312
3.148487017430342
26.82834280680575
7.983295194978826
32.69514623926688
51.67910222692967
14.57208220668216
37.01151166317377
15.84383953734837
7.569423740039719
17.69635528785252
3.100852195527307
17.69807532596511
20.24781792413402
1.159465278601795
10.53199892393697
101.5047661874316
4.873519680583902
12.87133356255551
18.23996394783831
54.26651232364043
8.736956414479561
41.37687863375369
0.2458393765803096
0.2593841845257143
7.588194410103449
0.03724162261413329
0.1258547033246799
7.805041730836986
26.6335460657606
15.06254830750578
4.333975334228402
4.093471892705352
2.473239774882996
0.483742118606205
18.62874583284701
9.1686913427289
14.71166478311848
5.00292049161507
11.43501694516668
71.14808061523567
5.972296394372534
5.146730306605691
1.776813214314311
9.396744828545803
12.03418318421081
2.281718545127247
24.18161562194694
49.84504124900519
3.835344020819864
4.032739607023361
2.311758497486768
21.34801540186751
6.321289578982145
4.417704782100889
5.06993785627571
3.222359598220109
56.3821092732931
9.569623881528267
40.63842434542752
0.2369053639924013
29.72495740020811
0.8930395620221206
9.511929395021214
8.388244659548215
4.317886783462185
27.70023010736793
5.82521487550459
0.001731874189326899
0.5663735927549489
0.1692703419840856
0.001556624712901055
3.225448132717306
70.93354588609233
13.41078176937005
2.003663528511606
68.97932676128622
0.4526558286636604
74.51602250323417
0.7479818090885143
2.246912407936751e-05
4.969835271404099
4.694761849541489
7.07068475171525
6.877811243817332
0.4765880213392476
0.09861172755930347
1.392351711076572
0.05273932555414992
   0
6.479616193705227
0.3678164854481146
0.2351102328056799
1.925085681657575
0.2004395362275606
0.9153916816033207
2.014548382727768
0.09153808230382465
0.6021342609658082
7.295591027849016
14.58356531702009
16.09359893173443
6.553435757365669
1.29465187260202
1.387850263669842
0.05223846539727442
1.412320790460379
0.193418680100184
0.08460069774864236
1.753679370648893
0.3487392199404729
   0
0.3709504946586101
0.8811964555133807
13.11326533779597
17.53528179282759
60.0572749918442
3.451082105352614
1.166354978930467
1.699965313524222
8.78542643077999e-07
0.4761162554930611
0.2895016098078049
7.500581583570549e-06
0.5130345261131937
0.1206431803763963
0.02643716513631437
9.034757024125618
8.089408280336693
7.620123939565184
2.699311085253592
3.98407190051288
1.153094201030936e-06
0.4776741130221743
-1.405254435487702e-06
-3.754396892688158e-05
   0
4.717122326877573
0.3573340713721117
0.1571529947795657
8.338630782355247
4.582111713709939
5.19174350203118e-06
0.05688617937719644
0.4057321019068159
16.88904689074225
2.341062484766585
0.06204591350748351
1.553189840505495
0.3570715934638307
2.094862099568634
0.5126187783750461
1.900196600906515
3.495115185392767
28.73323522550644
-9.879676983456503e-07
20.88302006213868
0.1116770789219174
   0
6.843907291331623
15.62101876917738
38.5045530234804
14.55443220680859
2.181711763293222
6.950385167263246
8.044428252874637
14.56785087217288
12.95006733831556
0.2396239482803427
12.40693431563387
129.1267387716777
3.351504209817348
11.44714322639863
28.39462114153475
22.90045304087276
12.10078313335947
10.86092337378785
5.501462043947937
83.95961358067618
47.8538590896222
84.16349764336904
76.95172915895677
43.49107564462606
38.43286541269895
45.40179779353792
11.01490695896281
27.41428391109731
27.41665702263437
3.556135849818078
3.793832659101265
30.03707624922632
7.700909977647566
2.893881050850829
38.47963922144766
31.41468629759273
1.810244865147711
89.83000929209764
10.86377118801645
3.333323256564188
38.39619293872066
5.314270452396572
14.50687659886215
35.94361461154863
2.135782691345161
1.376123498028855
7.002218603592534
11.14885228311
0.05664783243906753
3.645627542375031
0.05890920556223132
1.182435444113499
0.7069315131195406
0.7023593298420042
26.57471712311508
20.70067063727311
7.407468236790891
6.698604404501061
26.43162243426902
14.2218716583996
31.27498334811861
17.65759437653427
28.87833418088371
4.5582083088283
0.4201011903895182
22.16956827500222
9.753017807266268
60.19339703255903
54.63028505867933
110.5671034645037
73.0057925554013
29.7805720926047
4.535202376678631
1.096540428930386
41.79894894266179
42.17627272784527
0.1021076628338789
6.703888052599579
57.04220937394704
9.065141771691625
7.81635802354819
31.65261293270089
92.16855735193776
27.56991716390199
60.04040781013036
21.60655134068703
1.027775356858444
43.5170850954669
32.93973254869321
3.491542288752835
33.74294072365404
14.04212720549529
1.086160698879973
0.4818076483177417
0.001002963242492295
-5.534245656549934e-06
32.253310844646
4.327840631862057
44.11892704012578
18.1253082774386
19.03764580955406
28.60603948974387
81.22319574442929
6.778250109038276
78.64401964868507
11.83917818987109
24.99077553942136
22.57551856914168
10.43809877856629
5.44593337808388
34.35707974627881
16.7040806633463
17.14559306266948
33.23765835569828
8.711445407162309
11.33509627691977
5.469043705713104
43.40793559807327
72.07321893875678
11.31300298024307
11.62053946652033
4.11379702206222
12.55903084889228
77.24150901902094
28.96942376575965
19.4145759603749
17.37697817990593
24.00983173846677
9.413336423074327
45.09005146060168
7.249414266439481
0.312528068718365
19.09735817249277
47.79677354967003
2.02340211808777
0.1743786948848973
0.005424635293179815
35.99765718922698
3.642163396030756
30.92580813287015
1.347990872163264
110.3941464218103
19.79137379327871
6.013282574620292
0.2444818250068429
-5.115548688855092e-06
5.130585689125679
12.71458827542483
37.51612611677548
2.282723662199419
33.98688806394517
20.58888859689127
5.081927328276688
38.40633171429132
29.32380257120732
10.90269482441371
4.940242660946525
7.751367896383952
17.19440041233324
1.205744439139745
37.86514760906162
1.744920034585387
53.76495206920201
9.655616497955359
64.23539652319461
0.09789758458327168
15.06182638982939
27.0970739549815
1.019585480645063
30.26668319190415
3.684173301380444
16.619263872738
0.04169093642729899
12.12603020318169
46.95482031155505
5.616257689822753
48.04300469295693
5.477676267732901
11.85952667790479
5.528818747119101
8.385198078125345
5.191565775296935
4.378435498001103
1.405824822064613
43.23663933233048
2.643165389397363
9.266517693972279
0.1484965690050036
1.272290566260889
1.310720179911867
1.619236489998141
0.07323745032572725
0.154355564200252
0.4425720809684625
0.4274669253723514
15.58491788672437
0.1199883540873603
2.611200564882263
3.441231099225738
0.0357171339251045
0.6897139546241813
2.78814151918995
12.7257117283407
1.016697520111646
2.767033758643443
2.916312576240355
2.981314062712891
0.007555567700827768
0.0002881844082146505
0.1532127087697463
-4.00661568569571e-06
   0
0.0446158582325089
1.388305615390683
4.572709236830243e-06
0.06382698993203756
3.822969255536298
0.2490372952124119
   0
1.617182632311011e-06
0.03856084422395265
0.05392375312686542
   0
   0
   0
3.649800677188255
3.44681481176485
2.73308811516753
9.020072603350977
6.184357330306674
2.337099573399202
0.2329373293452228
0.377366557011009
27.47588199999165
19.72733136819058
2.572850212052315
1.392319005083849
0.503539263977111
0.9374844989293949
15.47173504125413
35.41282743771258
30.93001091614667
4.039864128507769
0.4771917177414075
0.1223821864807421
4.797875362303317
2.502451713074358
77.58648963496671
85.36645190640895
21.37060981482967
8.718949098551633
11.91026469105673
20.92915196883007
68.63303627996596
7.423421701905592
3.822307938927839
35.14256084605789
69.89390834613447
0.6339881667834335
162.6962209437509
6.382737520569053
43.32048616530645
4.202676679324182
30.20677720236248
67.78423416900867
64.44602570559827
21.93641511441934
9.911869521938671
2.893815677975695
15.97199243192845
14.05605020376376
34.64258650824251
85.87091077647325
73.04815143689939
32.26417064173796
94.19668391946868
64.91085071260001
16.7776146744563
33.31744587279414
53.1701814015515
19.76805986451293
115.2570431493265
11.91063486031161
10.23324771436935
27.26999917351417
4.428914777859762
31.1651880635666
23.99927766666233
1.87845260196408
4.014426713142113
3.192744715967276
31.65448001773153
10.66370628730637
11.50193065085488
27.5884146269509
52.3829993449138
38.48930515129339
30.72469476412983
0.5435100582484517
28.16576668837152
18.26147861602051
20.73580805320724
15.46673409229342
0.9611763208719941
0.6299113515347124
   0
42.62423307711956
6.269539639032652
16.70652844399764
23.15418790953348
4.651247488056889
14.6668287926168
35.58097470154506
27.60319929978514
5.925333149480918
33.34860999331061
2.943153689746166
21.10042225383452
