0.4537913713633681
1.862766369631678
3.687224684724096
3.221347012678584
0.6848902800807979
16.76554191986341
56.90826895748631
30.28893429354731
19.81032485770169
4.593815920362727
13.28268816328862
25.69290303143592
25.74878139675261
7.712663249741078
32.85749790566798
29.83092584780617
23.21124377922966
28.28037927740677
0.9512999585467107
19.98065633533635
21.20024062554722
56.12417829038915
25.25503911290387
0.1089842044411954
8.854329744051634
31.75437616234585
57.62306339531476
27.23237250856382
0.06808326110059854
0.001529688648675791
0.1645061444380884
0.4286605288759202
1.711879452866927
4.453603317024481
43.57646482582736
11.3140387104704
1.10134896122077
0.103348142171825
1.276370203616418
2.40747098277827
16.04204131185727
0.002040449610190027
1.02633632576836
1.46807350222156
1.580055369419109
0.5827639948207117
1.906152315935721
9.471204533537364
47.29826198880358
16.39173567288016
32.32545972940417
60.1171997087122
77.82861165827819
9.403857302411676
18.20990896438914
41.85802353720614
0.2403452704201758
6.651686130979192
22.71928704337135
9.115499427120556
1.047925765521744
22.63422329229945
11.46849500291374
31.08656699222596
20.69432903680494
15.98461797719328
1.196525968947635
1.020074742965789
0.07522149274998877
56.10393953098886
5.287658702727258
27.9475700607019
27.53925283799055
4.651243875544846
4.753645171220477
79.91531391369813
0.5580622928328522
5.62243468322445
22.81475321932993
32.04401212534498
6.018602872168191
21.80214324570954
63.34282481282181
2.663132653678614
4.015547418787596
27.41237194029568
8.801712703916181
56.49003017546472
2.545000609291229
12.15600660249541
13.32611077562556
3.195703524550399
59.21509764435449
16.07983831503147
7.044952133651238
28.96088558228808
7.060186753078606
1.123016562382401
28.10221702263315
0.3344225852189202
1.295654754514443
0.2527925564470439
9.193847770523734
11.73801772213659
0.3158969085269895
27.44294502591873
3.508831235417768
0.4592818317699439
2.070524080243385
53.91055048028105
4.776431481437155
6.285995582071887
1.318345039481227
11.36316317410287
8.799411400881249e-06
0.01365867838767272
0.01553465604389981
0.001725709832133989
0.02105377890329623
2.582722319194223
49.08472793827789
27.90227197614981
37.5111822161223
33.85683871385226
9.421771467311888
43.71793810352428
14.86404493963408
14.94002977507374
47.0562934462705
57.15704708976632
23.73318963500049
21.24673515575981
21.13993172562407
37.03810488913052
17.49112213257335
26.32263234576924
46.69482324774715
17.91245634680936
24.98111560513529
26.70293363700905
18.94914178607455
8.802534444317645
19.07439858000361
7.092091957995137
9.518573372706056
17.41239018728977
22.11441779751521
9.954776618117705
7.876774915046457
0.115914105335404
17.01576303116594
8.730855184764955
34.71439734408506
23.96136318502928
17.28199990757134
18.24577304817021
6.347078448346903
0.214125756895326
46.76871513474254
55.34041363217294
35.42495983371639
27.56119068686795
37.77552464471085
80.43225449229374
56.44560301295476
15.82506189560844
17.85870844620264
44.32823170607177
79.56622127867436
21.90716211051036
12.44472673968923
1.831400838684006
37.95098163330704
51.13364312325834
1.790861253586952
0.05100958195449978
26.09115407968582
59.28120644823341
4.641799849090914
15.13725477265102
8.424844363026251
9.651981777966638
9.6150482315354
31.87968000855048
5.65549529071917
60.54498691477488
18.44536121575161
28.23770470582501
93.384926391588
36.19649983212301
68.49882851105338
13.26411894975324
1.807322374839422
17.45748274302143
15.93250404217869
29.32715587452543
57.07244705269629
4.1580655930223
0.01333691675575535
42.70190916989187
31.3931839061076
13.46197339034116
12.12725022353543
14.0086986711397
55.74978320313795
52.26664413711079
35.64019564733449
65.13865820400372
0.3263655045562309
28.81264799079954
22.81267331797035
36.49447907064938
7.844463613410559
3.317628053164867
21.94396834973883
0.5467369856525529
1.604725977163423
1.037571069618642
6.482861255321708
24.78174398512256
7.61092227517533
20.53127098653118
43.19781102175849
1.496187118965193
16.98613388162315
37.76164903436465
20.04348275202456
28.67685076100048
2.534536190941145
0.725827536832123
8.661015502476772
6.163822119760956
12.56020279528076
4.857362458423696
12.26081952901416
3.07133719452733
3.3424543626256
0.1223716724177745
9.185556283422663
4.477040489769516
3.440518635509593
13.67026474563324
26.35297071343667
5.693895652858457
29.48792954318471
1.418768060101569
1.902513164780401
30.5017651760726
25.96406941467235
33.51229865485996
68.21906830773496
19.93972004054372
0.1571306276593558
54.09046750821156
13.97254170367277
4.684337215697282
13.38101465159508
6.845605770044175
7.354595927725935
0.03507990595896963
2.20667104651931
22.78296172717558
10.34493650894924
5.089525571977748
11.64030621373665
5.832608596989568
5.612002901460741
55.29727295343663
0.25292160958301
0.3301488129768322
0.1972374015992626
0.1287052348832828
0.08722761468975584
4.875329666608684
0.2859412461817282
7.961329436310047
4.866237734209219
4.071158692920119
9.880994852426628
0.08333398214358326
1.110368825276428
19.46046040465907
2.262444719744278
1.081794548517608
0.05975740170993044
21.72736569401551
0.1339154932746376
4.906785766282067
3.836507393124593
28.12531955230275
0.1278115402332
2.872208908917563
9.563190926137525
2.370592101675129
8.7618168228217
0.8447198741139983
20.9965885923375
10.76800068044524
5.224391175423166
1.051411395997598
1.828073148838531
25.70422499050659
25.68758172169249
28.26375255482729
24.10133476078075
22.26889845375742
1.226110727693097
1.312116447028855
8.923855119557425
5.425834768031399
0.553352290092085
35.65858360601616
17.75700690818466
5.297569195629073
15.16482872890317
13.47606616366115
7.809015514639944
13.75586294988853
53.70735825191392
38.0296941054118
28.69508039085558
52.81436973982886
39.47383909958995
28.17639372242084
47.26350893394206
36.41544697158393
11.49958458623409
9.075345332579971
39.8430564063162
36.41142728801114
17.99018552650614
10.07127008095159
22.55068420632804
43.26187762437789
22.76867569145725
4.933905658118048
5.581346703155338
19.81709050935287
0.9624782447769767
7.653164195986029
11.43750280767627
33.45793954093539
28.92250808962125
20.7354453392921
73.46077153826207
3.223149082421211
0.2230993577192578
29.26383783796382
56.32707285088658
36.67391433554882
5.056700235052237
9.718103395517049
14.60566210840152
11.95642629964076
52.07150167342927
65.62966409176471
31.66337410198413
26.37574102433617
20.34773838434855
21.79915804268125
41.31199213433705
12.03613590628731
14.30101610355409
22.97019188260773
69.92260873421367
4.562137289487433
60.23716145685827
34.92844866215537
27.07338919547535
1.240825487335484
0.02348260176222705
4.53524960219178
35.14458004282872
1.038957964740751
4.724037277244001
57.49583790836357
20.33058794509752
48.78231457370163
3.759318677102192
3.00884830565436
12.29715876922205
20.30734606353457
22.95530857527486
65.83178530888624
1.094907016271878
57.39299710816776
1.956950567990919
25.50312169741983
22.66746399559373
59.6959630319348
55.70644900725712
38.093132156888
4.214793876101035
22.75553334764835
19.43137077509305
28.78160917555291
4.311263365638552
23.99734031419407
0.2335428219573881
0.05057914509297633
0.01771001162750992
0.001301786887640207
0.07480242167097785
18.1787874331675
20.6777787776089
54.09591711622667
29.97697004709435
41.6594056541746
74.40793987245468
21.04386834384603
33.79783654760454
11.91095456703271
18.44329742200298
8.092660279456709
43.04971117647014
25.59136828638035
21.92979972276272
19.62253642731598
2.922372545753416
32.87915111236719
56.1257465023033
21.41396590930157
24.36769122981376
1.193812149221815
33.75308551701026
85.9470365373205
22.19292576171042
47.66904924319379
0.3732366981141521
12.64265797278936
36.60331624608827
14.86442447000073
17.47882470311676
15.48959356154453
43.19925815315089
32.75305162747851
22.15028639789179
6.911691642850184
16.61458737807039
8.734281957704455
40.16463919543949
32.10084495426865
0.259268660541983
0.3569366817790143
16.46709584322019
21.23656103945725
11.04974724351345
25.48605601431446
15.10744565708668
16.61126122746616
16.63698154089642
0.06019164628421865
0.009153936721116846
6.060630081402571
26.89849844876224
38.82349936543537
2.789780724279409
15.4022025672744
6.537121199815505
60.86322329902872
60.86322329902872
26.64368578617069
6.450934338594674
34.6041353966238
25.53469775778649
20.2941110174549
0.2820286780609206
37.78322567968049
52.62214915936541
16.9055938458868
4.456069596998415
4.35536660377424
25.85986829973209
17.65090597610301
24.502703838191
71.39726789084501
47.36084013705093
42.31224942311722
26.93823000952764
14.38421320421199
44.94766065964315
39.17758514753825
6.24171316017555
30.06137203283407
4.466520588303031
15.28861739960308
10.66401837737313
35.46442140302719
33.81431555903931
9.381241541135168
18.78936054946445
19.60076487625366
10.2259894997129
1.929694826226397
1.200006518432044
3.157167092333377
0.5826751823945709
36.74529694834455
0.1582487670474853
30.06719222665426
6.016158376611
19.88220101395825
45.06603645156929
8.743904045749002
64.45030710831296
12.89717923593322
8.215301708950214
5.479721713304434
9.384912579897367
3.539092328545479
8.668383098223572
2.235022510516871
16.80343462444411
18.69513447413937
0.3014235930383088
0.05511936368887039
0.2895784212301715
12.19196777072412
4.025698040656752
4.471366140358594
20.34997530820846
5.406187067587624
8.028740101163145
24.17445398468123
3.327185407235299
8.594535055245403
1.013571454074912
0.04028326719070727
0.1106149897801191
0.3454747934587823
18.92323624940425
0.439024400501107
1.032016975833624
11.30988855748512
44.71480857468577
28.27716970020925
8.031720423570356
2.343352773618014
0.4952138865961754
7.601490058460453
17.11162320147232
3.261410032039553
3.870701369987948
6.994346115561598
0.3116314866731189
20.58219273687782
11.22632360548688
28.76405603658368
10.15314260663683
7.981454961752979
13.9186297495483
23.01420899895625
2.77936077750153
34.9116519387876
6.934355198015369
19.57443942666448
38.57498531466604
19.11452090649458
42.40605935935849
14.36777516347022
33.64743566542943
47.98333581513828
11.11700995025655
16.07982096213817
32.3441583300075
1.112296592549585
57.33130939420887
33.21924283152877
11.85053735912946
14.1458994621377
28.36071577889587
23.14411691368392
30.44463965073344
6.839526869571646
44.11704908590431
7.733885472407534
23.2153093381443
20.18117244179862
24.71318723177696
6.360748202876481
5.67217959261586
13.52836581943053
50.10227900356071
11.31842719582458
32.56196945532097
9.514521979727414
43.90480362765261
22.45197016644239
5.18398318563169
30.72630753335439
4.126656861354226
37.98990939168611
51.11891363087322
18.22047038303916
12.5075273991135
16.56998250451451
1.524814898624642
52.03597222471404
17.91331771967691
42.98989424705179
7.708124892655142
16.67560926916945
69.48738879183811
23.46596579810478
48.97102754246274
72.40696703748725
35.03569306781336
8.487814235021478
8.487814235021478
42.98503180506043
44.18241323457771
0.2042295800684288
2.319444162809249
14.93825565347164
19.21530427959087
44.15873800640011
27.16924180817949
10.2709136261833
17.06825585546314
38.85025342861258
36.7835352192281
76.17749129339778
43.64356449601566
20.97332634663212
1.809181912371332
