0.4601067304611206
   0
   0
   0
0.5986360711976887
35.79945445805788
58.58230742812157
2.441802308894694
0.2733732380438596
23.27460992336273
9.455122298328206
6.903554273536429
2.597805751487613
3.84029677323997
65.29667821778276
0.7327822633087635
4.564106250647455
0.01515952590852976
1.189127183053643
18.73616813344415
0.2073707632953301
1.346941619645804
45.073292626068
0.2729032663628459
8.596136045525782
2.311689017806202
35.05565927177668
5.943029323127121
0.2529106594156474
2.931187917070929
   0
2.19312306214124
0.9553573742741719
0.9108394177455921
0.3076518359594048
1.856295316771138
5.186067523434758
7.276181545108557
1.514479542500339
8.800295058637857
19.58997916802764
0.003916454967111349
1.271749656647444
1.15537119214423
4.006791030988097
0.05711933222482912
0.004538386128842831
25.72292847931385
9.891492626605377
2.654423576459521
15.41644732188433
0.8508490086533129
0.1573508486617356
8.881974354793783
0.6284007892554655
24.328764726175
0.5822772681713104
38.38217844045721
2.527467205800349
0.2480305582284927
0.002093918388709426
17.72984230634756
23.75900581758469
17.31810951718944
3.969759228802794
3.469610183296027
1.700992647055768
3.513424542782983
1.375614050310105
3.122100786248119
8.011026471387595
57.66237764060497
124.5429555409888
0.7239735518814996
5.608788415789604
0.6483144273515791
0.2924865800887346
6.651627025566995
8.235513244289905
28.27747813053429
11.09175709911506
0.4195491950958967
1.980105350725353
33.98127203452168
1.204727018252015
17.08671504259109
118.0099103534594
1.340359074063599
0.01051545701920986
26.90318087628111
21.73739693767857
7.007570421206765
50.03192283585668
4.570189716527238
19.36178955738433
76.52331705282299
   0
0.7431801888160408
   0
   0
14.11311708204448
2.74393492564559
6.162578923278488
16.58918726164848
10.74188659829088
37.45873936638236
54.33204435603693
1.406768663786352
38.30759960412978
19.33154100417381
0.2237499617040157
8.075757928192616
22.33152885735035
2.620263498276473
   0
0.1673454791307449
1.489932090044022
   0
0.2886172365397215
1.342521032318473
34.11474694218487
30.33969233551761
32.82367930904729
12.84659094992094
0.4560598004609346
23.91516649909317
8.071207248640953
9.065862184390426
26.46555506028075
1.975259541301057
18.63925862160977
16.55817913776264
2.568109614949208
2.242096487432718
0.6834037364460528
12.21320999786258
36.38864172436297
17.23143918998539
13.2927260513489
28.18292271625251
10.96399699221365
2.018075811312883
48.9041653900822
0.1943475106090773
31.14483495250278
6.517030318267643
30.97137421555817
10.12544847093523
   0
0.02974376268684864
18.72117605453562
0.1851530182175338
6.043526973109692
25.0986971644944
3.96056369820144
8.974869595258497
10.87047615569616
2.056452934397385
7.158306062221527
7.508035628263315
5.288941844832152
1.817921630572528
0.01281985058449209
1.291911318898201
33.97755493689328
3.371440854971297
10.38832353800535
14.44111496140249
29.4944791123271
0.8415106526808813
12.76919246645411
0.9413769761449657
3.565049449563958
3.680087637578254
0.08810967393219471
0.008428948000073433
1.228350504301488
5.045485683627495
1.183525782078505
0.9065018408000469
0.07735720719210804
0.07074240641668439
0.9738632999360561
23.08085625013337
5.842553148046136
   0
1.801324501866475
12.01903782315409
11.32450032234192
7.042003975715488
3.069533516769297
1.021352015417717
17.37919413531199
35.77843845114694
3.535761762992479
4.996594436792083
51.77275257185102
2.66692427918315
0.2902048956602812
   0
15.20877456548624
3.237946355715394
1.487962499260902
5.289950508537846
2.501583105884492
15.62968566055076
6.581499848960597
35.59856917796107
0.2936614053388098
18.64497690418166
7.042686556465924
12.89920831409009
5.394182932330295
0.3632001562509686
5.440288563142531
   0
   0
   0
3.373569635674357
0.2947266064584255
0.003039268078282475
30.56104597449303
15.56462203631456
3.583317098128997
14.49691547846665
0.1796227753317901
5.394200177940732
   0
   0
0.05610992014408112
   0
2.033813428133727
0.04091020673513412
0.07122413488104939
   0
   0
0.03446889444603585
   0
   0
0.1632863618433475
   0
1.015925671905279
0.3965793424285948
   0
4.578363163978793
0.05219987034797668
2.188114009797573
0.6324690512847155
3.077092785504647
9.893009663093835
18.07457780046389
18.26416092552245
0.2823788227979094
0.3780956361442804
0.4265592694282532
   0
1.753365911543369
1.15340974368155
5.834735963493586
   0
1.251935616135597
12.80502795288339
5.539266496896744
19.28001834239855
36.5304269194603
5.446022681891919
0.03824400436133146
0.8300520912744105
0.2575934436172247
0.3688634186983109
   0
   0
0.5471821632236242
0.007461496163159609
   0
0.5434742197394371
6.473731387406588
2.343149726919364
6.081360106356442
2.404235661029816
0.08398566395044327
1.848019018070772
0.03078009421005845
   0
   0
7.611541616730392
0.07364344596862793
0.04466595128178596
   0
4.203142546117307
   0
0.03850039467215538
0.009848701767623425
0.03545960411429405
0.244959298055619
   0
   0
14.33725728094578
0.1498684007674456
2.09714845882263
2.631728818174452
0.388833224773407
7.991378099191934
   0
   0
0.01329199410974979
   0
0.009754001162946224
9.918722728267312
2.99695195723325
2.547235734760761
10.04183591622859
3.728427659720183
0.1794854551553726
10.70343915000558
0.2698050029575825
1.544683727435768
0.0755237340927124
54.01659107208252
9.758627105969936
0.9907048298045994
29.43831895198673
25.53971790149808
14.42377115041018
2.383024974027649
11.35039317049086
25.30938890390098
37.44093700591475
52.65302501246333
24.05609425203875
12.47259300544465
11.0516559950338
34.42867506295443
7.445080794568639
7.579187033697963
16.78398011857644
3.946228207903914
7.67400461807847
1.138291416456923
3.702771533397026
5.893976017890964
31.4194248560816
18.6570381349884
6.771833818987943
78.18833415582776
2.550414951518178
2.281817289069295
15.74658178864047
4.738229199221678
12.90774982306175
19.01286000013351
0.6456366113270633
1.561828134581447
4.119767719181255
7.539561573648825
0.1945329697337002
0.004442370322067291
0.0002918087411671877
3.764401123742573
1.010906164417975
2.82927068322897
3.803550906479359
10.32744045002619
1.906696906778961
0.4600783324567601
36.51876983232796
20.00642325077206
8.326312795281408
0.06615154258906841
43.27869469486177
4.305884120985866
0.0607052689883858
18.50422346591949
1.134557653625961
0.76503518037498
16.60207849461585
56.26327991718426
35.15444210637361
7.418514572316781
0.0264346047770232
0.9826911223935895
8.922063941368833
7.113138953689486
1.141914767678827
16.87143431510776
18.8356199124828
14.29110049409792
8.293973665684462
10.89619738201145
93.69304764270781
12.3327739263094
35.78680196870118
7.169237709254958
0.524051076373393
88.38118339989029
12.15565248788334
0.2551663934718817
3.437309229746461
12.61798558011651
2.689720920519903
   0
0.05500124022364616
   0
9.577143953181803
0.4709084700686028
22.59107617754489
26.06337039731443
10.8670469194185
7.790503050200641
60.44914026558399
24.72175466502085
47.92129610478878
5.36035643867217
5.188873304631612
7.937142577340483
1.806556513391115
1.609638917259872
5.499672308564186
2.078207266284153
17.11708138254471
17.41402687312802
2.887754158757161
11.68691860046238
0.153110895305872
15.43540384899825
16.11549192667007
1.996615028008819
6.023939319886267
0.0656515946611762
42.49143846687878
45.69144316879101
37.16064565069973
24.87364722088131
12.64330881101696
32.11485866203601
1.501997442916035
23.74542846344411
3.285127865616232
0.5525812469422817
1.088258049450815
8.712936520576477
   0
   0
   0
14.28321162238717
1.355561541683272
7.451433122623712
3.439862691135204
79.65829709172249
11.90416477341205
3.322600667364895
   0
   0
0.8859890112653374
13.78328765276819
9.462361776220698
9.55749888648279
2.062629991676658
9.78001020476222
2.404913173755631
7.859545090934262
25.8069226089865
1.879706096944435
0.459858987480402
3.212672479916364
4.786074621602893
4.409945329185575
9.578490087816917
1.702157623600215
39.27743597363587
1.603403100724039
26.68442761898041
0.978854924076586
2.519260130822659
2.606954894959927
0.7501257252879441
9.795162253518356
5.247674889862536
1.67543426156044
   0
8.740972947562113
30.02743078395724
6.652350347721949
46.84042126685381
1.679718762636185
6.221841817488894
1.339838380925357
   0
5.015455195550707
0.1825332078151405
0.04503584280610085
8.053842574357986
1.693408709019423
3.077302321791649
0.02486665546894073
1.508840462658554
0.6045639906078577
4.161361377919093
   0
   0
5.668367959558963
1.157890472561121
29.69198046808145
6.733359605073929
0.1440069475211203
0.2875001989305019
   0
0.05492677073925734
0.4841314745135605
16.41624407004565
5.462031111121178
0.1384871155023575
0.1335980370640755
8.296541541814804
0.2066315514966846
0.2234761714935303
0.1657571841279797
   0
   0
   0
0.1352032050490379
   0
   0
13.96797682531178
0.06999538838863373
   0
   0
   0
   0
   0
   0
   0
0.3074082639068365
4.325407020747662
22.25205502472818
14.84324556961656
19.61253025010228
0.657023790292442
1.295958320610225
2.096387907862663
21.91478128358722
13.14134328160435
0.9175232127308846
   0
14.29063758254051
6.276266787201166
10.21346601843834
35.0115750990808
5.650548100471497
14.33760905335657
0.3597916818689555
1.3384119796101
6.007805988192558
   0
31.05843198672544
21.40974832326174
25.24575567990541
8.001089349389076
13.43104829685763
20.0748005094938
51.08548445999622
1.506526235491037
0.513048687018454
11.07187718898058
2.455683626234531
9.123065510531887
56.30796241946518
1.961286406964064
9.395922420290205
14.64831481082365
1.224571385420859
27.78973861832593
26.77458301065325
5.648682235740125
7.741553170140833
11.59692290518433
3.944589535607786
12.35381449945271
17.356464284705
66.34891750873066
69.88845882145688
13.38736790977418
71.14410743117332
13.69861780316205
2.562527503818274
32.08652870403603
17.42832145071588
7.967950783989886
68.5376889705658
14.15042529208586
7.21729503152892
2.44499596580863
0.595451201312244
13.40093457931653
11.78116083040368
0.009198303538141772
3.855947619304061
1.66704984405078
4.783709541894495
6.403213253244758
20.59403874352574
8.758928071707487
40.03799234889448
9.383748478256166
2.569567798404023
0.321675468236208
10.02246101526543
8.042491916567087
2.87856723327568
27.73207071603416
0.1482275507878512
0.04100497253239155
   0
16.93921757582575
8.295020267367365
25.45614116359502
8.825876559363678
15.74955735632102
26.28583082555281
9.39647092204541
16.90873177187033
8.576144129807666
24.96900276079286
9.800987234339118
38.09989418555051
