   0
   0
   0
   0
0.02924322942271829
6.032656644354574
46.1579753793776
1.338727943599224
   0
0.0568656399846077
114.3873829841614
4.420837673824281
31.68262195587158
25.11839216697263
70.63271342153894
3.326121760765091
0.8451588298194112
6.90916544754873
3.296759930672124
72.16585977375507
0.7137665897607803
12.65335820429027
17.84657551930286
1.412608662387356
43.25437991600484
14.43032207526267
50.25335907936096
34.99064326158259
1.254844786846661
1.047698853013571
1.663574814796448
15.6027694836157
14.80985214974498
4.808490978293605
5.773703902959824
3.159384869970381
28.17803852056386
41.47612488362938
3.918778350518551
32.31167659163476
4.394177295849659
7.00733553088503
7.706008768174797
0.004130371380597353
17.56141304969788
0.3274318837211467
0.01983674056828022
35.80134502239525
9.428987833592203
32.24685945667989
8.493888281576801
5.731598314654548
2.937012317357585
1.170123573858291
10.49432906578295
16.593889484182
1.337198263034225
88.34050378669053
1.350844991131453
2.317046769428998
0.04096318408846855
71.51162001490593
20.39476985984948
24.39318538364023
11.35926111601293
5.177795745432377
11.5500074699521
0.2216357477009296
4.319041335722432
13.12808762677014
0.3762029958888888
26.87866456806659
23.38610848894236
0.1318809477379546
0.9319681234192103
13.13693034043536
0.2996272915042937
7.809036793187261
18.27907502651215
49.53060932015069
8.764282666146757
16.66042299568653
21.90582700725645
28.24691606522538
0.9334537694230676
5.262278855312616
108.0410160371102
1.771016311642597
   0
36.95359269122127
21.234929373255
0.884980560746044
150.1332920147106
1.021131259622052
3.883288120094221
43.72906771483291
   0
5.636153233237565
   0
   0
2.808621283620596
1.354252536781132
1.925929287506733
6.516621978138573
10.90051711315755
68.62464497517794
40.85461493209004
0.02444071392528713
50.66539325681515
49.33570525422692
2.799786198884249
43.62072610855103
30.70104633457959
5.557395552983508
   0
   0
8.553148909239098
0.6381369375158101
0.04444406181573868
1.030907491804101
75.43306394014508
2.992421122879023
40.53495321399532
51.81703152612317
3.321542822902144
19.31635703751817
0.2319027984049171
16.82472928501375
38.64254904759567
1.996066822786815
8.49547818370047
12.05103425454581
4.555896974401549
1.986721229739487
1.736621195450425
1.399106422526529
29.0373585344496
9.233093608170748
10.69222429627553
13.94641179358587
20.2704014480114
0.20291134621948
66.8967165723443
5.953518245008155
24.29984930001459
16.13462922349572
98.18699410324916
0.200175046978984
20.97913886699826
1.415270328521729
2.781007782788947
4.523283712565899
18.14892271533608
82.39895647735253
2.810301067191176
26.96456338837743
25.95403901653863
21.66221741586924
29.80042795767076
10.3381702882016
1.453518236870877
12.14934581425041
1.892718337476254
49.00432849535719
138.6472156313248
11.97013217397034
19.99822400609264
4.764539173804224
85.68394933640957
7.874214554147329
108.4044810592313
0.01435631531057879
14.06130600348115
15.23337130690925
   0
2.731203015893698
99.45180602371693
34.58091339949607
15.34859885434145
2.996388238680083
4.246915027499199
0.1215008231811225
0.2640387101564556
49.24319397564977
5.468427556799725
9.826877851039171
21.33278878615238
20.31347352346653
41.0598677508533
1.341100425459444
0.1731976087903604
1.657714930362999
1.869123950296984
8.308182154607493
0.005509207956492901
40.86050548474304
88.65993909537792
13.89298888063058
32.20059360261075
0.940688068512827
7.619146777195578
1.292258515954018
6.056375014764786
8.964144765399396
1.660835012793541
5.332182552752784
3.337129333056509
49.95741709887294
1.094323115423322
19.75272622348958
4.108506938442588
5.102093322692646
5.683613054221496
   0
21.66169754979404
   0
   0
1.105829730629921
   0
   0
0.4487173650413752
29.18170029297471
20.7085910804894
2.114204252480718
78.56026615202427
3.90897555425633
15.34923119097948
   0
   0
1.774202164262533
10.53507110476494
1.02584759471938
21.04683744069189
1.523995596931018
   0
   0
   0
   0
   0
   0
0.1447651549533475
0.386127095669508
0.6034068763256073
   0
0.004465839359909296
   0
0.7330375164747238
2.745298579335213
3.624238014221191
1.153296951204538
2.220855623483658
   0
   0
   0
1.082751773297787
   0
0.4528485473128967
   0
   0
   0
   0
   0
3.541890355758369
30.80529509857297
34.60523125994951
28.80018165521324
0.02548128552734852
   0
   0
   0
   0
   0
   0
0.006407591048628092
   0
0.2384094744920731
5.281535059213638
12.10141669213772
   0
0.1210834160447121
   0
2.185065753757954
1.999445952475071
   0
   0
8.596152542158961
0.1107397750020027
   0
0.9499600324779749
10.93054187577218
   0
0.01800861395895481
2.252526521682739
0.02789704315364361
0.8057860974222422
0.4895831793546677
10.00759044289589
   0
0.7282297313213348
4.840700190048665
   0
0.4848255179822445
1.884876053198241
   0
19.70450450130924
   0
0.0132231842726469
12.73719239234924
16.12315663974732
2.707095807883888
15.44468553178012
7.671958837658166
0.4130970239639282
   0
30.06027683615685
1.461401112377644
   0
6.031636851839721
132.4316310286522
23.06548538524657
4.300360505469143
61.71001841407269
0.7967896943446249
8.768804252147675
44.61229666136205
8.243889167904854
55.91751054022461
224.1578295570798
80.83880307688378
98.0712876599282
18.50808661431074
30.34118312597275
29.77528495900333
23.83225686848163
0.01367567456327379
22.40364286396652
3.211753500625492
1.702913346700371
52.44795526377857
6.309308867319487
3.041948108933866
27.14527675721911
66.76407568156719
0.09395867260172963
70.9608297564555
26.96866572287399
0.573669285629876
32.23271012306213
10.97549580270424
3.971287238411605
23.94143786001951
0.4840788226574659
0.2952185594476759
6.319708127062768
4.011137359775603
4.379326258786023
8.416599980089813
0.07507255731616169
0.388875973992981
0.4294221200980246
0.002177729969844222
9.993530195904896
12.65835790963342
3.70840872824192
11.59870516136289
28.58920582989231
11.21710198000073
46.87242200737819
4.629389175213873
9.446935713407584
0.1046826292295009
0.2978189568966627
15.64225105568767
3.000119067262858
18.39343554212246
31.58300478570163
66.37428798899055
81.37888171168943
4.589385037050306
   0
4.5840114466846
13.91221992601641
127.6235823072493
35.76679677303764
12.1769860573695
30.81186564266681
8.591022934124339
6.857223256491125
19.98473526164889
86.55940799228847
13.92281814524904
95.82152274018154
18.85585260111839
0.1235935927834362
27.8416113575222
23.46150343050249
1.96548058022745
15.74659225624055
58.75659922650084
3.134483150781307
   0
   0
0.1219557020813227
1.905845750535388
1.474257701360775
70.47322224080563
39.55792677029967
8.468623119667583
21.55973055548813
61.98959027185629
17.00586830242537
116.6576176919043
6.500850616954267
1.509237856138498
18.45465240352399
7.60893888771534
5.930169874569401
2.434675261378288
8.816794496029615
6.360625374829397
34.80282620930429
3.595239773625508
8.651047080755234
2.205456359311939
20.92702062494278
65.10285611731169
13.9538964178646
23.5291052859975
0.2309238594025373
42.7703453291072
49.92409264668822
12.69223121972755
36.7883049727638
2.169056389246769
12.86812922358513
3.904738664627075
65.96576827205718
22.12220289090764
0.07119512907229364
0.2559810190251426
1.391072439627266
2.470718502998352
   0
   0
36.60622420953587
   0
0.372089821845293
0.784858244471252
80.75630859147009
17.55113164335489
21.69516735896468
   0
   0
5.23076380463317
26.10955798431515
24.37600399999727
0.1660626123193651
8.822472456842661
5.958614107221366
8.181518933182815
25.26197617157213
20.51216403394938
11.81293625570834
1.160804647952318
4.533977680825046
43.83293118153233
3.738699460285716
42.76306794956326
4.364993871189654
39.37265726178885
1.597546632401645
33.11467489227653
0.6518445569090546
20.90705326199532
0.2836210774257779
1.511385081568733
24.13360055210069
0.7647013735258952
4.436111602932214
   0
1.87733768299222
33.20930643193424
8.04248555842787
26.44261316779576
2.13235120032914
10.99764239165233
6.730626590549946
17.68494408717379
9.162211693305544
0.9435532093048096
   0
12.13495430350304
0.3224072549492121
6.266535330563783
0.4901254326105118
0.5944481221958995
1.550516501069069
0.02103033242747188
   0
   0
1.787933930754662
0.0289177056401968
14.27489052386954
   0
0.6536707729101181
0.07024064300640021
   0
0.2383694052696228
0.914727509021759
9.275441518919251
   0
   0
   0
   0
   0
   0
   0
   0
   0
   0
0.5258326530456543
   0
   0
10.01615097187459
   0
   0
   0
   0
   0
   0
   0
   0
   0
35.53211057186127
3.140662797261029
8.800168476067483
0.3659872091375291
0.7582315914332867
   0
   0
14.86767860967666
8.129335356876254
0.1084799990057945
   0
   0
   0
9.000216268002989
25.42826998233795
16.0714946128428
12.87299658358097
   0
   0
0.07575615495443344
0.3048584843054414
38.73323670759318
25.80962456576526
12.09078929014504
8.989463140256703
13.87457023002207
10.14033518172801
39.2500878572464
8.614916352089494
7.567618109285831
21.39396637678146
76.41707547567785
   0
81.89661247655749
0.01467885263264179
9.797072203829885
1.94967686990276
2.846330352127552
66.36354300007224
60.11588793397692
8.539762703701854
8.548592239618301
5.365486592054367
2.376989051699638
1.676298060861882
25.11339462921023
72.21961716748774
55.9491999046877
43.34136662073433
58.71978777647018
10.46897356850968
7.015777226537467
26.56686222180724
32.21387010719627
0.4171259980648756
110.7382650226355
0.3778622588142753
0.1949141507502645
32.99993940338027
8.059235367458314
45.47530857659876
20.74879639130086
0.6170053486712276
11.42502499744296
3.113314099609852
7.945059397774564
2.977122796699405
8.225505339136083
20.37295744405128
43.78547189634992
54.95493859983981
46.73982735199388
0.0419253904838115
45.0555846709758
12.40251851920038
9.753020845353605
41.15537146369538
0.2944517736323178
0.01327716140076518
   0
35.49572008056566
23.47796453954652
8.375080836005509
23.6759534003213
0.2440938805229962
14.52411648631096
38.12547406203708
13.97497841847962
1.719064466529697
63.04142649210496
0.03399204812012613
30.10409086104482
