0.003093154402449727
   0
   0
   0
11.60467204451561
14.39932936429977
39.75550107657909
0.010020119138062
   0
   0
0.7324755638837814
3.546921618282795
6.132312340661883
1.935060208663345
4.966381564292078
0.5966119784861803
1.39195105060935
0.5980713344179094
0.1093280429486185
4.549937892472371
3.20406585559249
15.98489085584879
34.12594195455313
6.246796514140442
1.334832292515785
7.384588348912075
19.33927529025823
2.676156271249055
1.352347929030657
0.4114231131970882
9.825234055519104
0.9198598321527243
1.734283585101366
1.608592816337477
0.1532236647326499
13.84028953872621
3.179801909253001
9.524353918852285
0.02148696267977357
23.55154763534665
11.96926613152027
0.3911723494529724
0.3491168064065277
0.5004757024289574
4.156068794429303
0.0001412423443980515
0.09168515261262655
15.48193314256787
4.08602303545922
5.038402168669563
14.82568708473856
13.60487320832908
0.267850598320365
4.542616493883543
3.502485278295353
30.93693442922086
   0
15.4995228939224
2.226906463853084
0.03650403628125787
   0
30.10851031402126
10.40378774143755
26.27605489827693
0.005459306063130498
3.199943306208297
0.809036153368652
2.511468945071101
1.107914441497996
0.5422545020119287
10.87290419870988
21.35525387339294
11.42415562554652
4.991751095454674
2.117737795226276
0.1811134964227676
0.01203901320695877
9.751576859503984
4.125850889831781
27.36069320328534
4.450777557678521
15.2303863260895
10.23057084128959
38.79977340949699
0.7448956072330475
33.9157362782862
85.19527200586163
0.1337298472644761
6.567168872570619
25.68370668590069
32.13461006060243
0.1903072866844013
47.19065135216806
4.712287525791908
12.86366473219823
42.44649890903383
0.007624766323715448
0.2672250000759959
3.943257927894592
1.557952404022217
3.627023418666795
1.811289958888665
9.796981184743345
35.01636468432844
3.415291638229974
21.4817047258839
33.55448628589511
8.663903453183986
58.89947114491952
24.08526815881487
0.8564342726022005
0.7676209358032793
12.20683212857693
0.3024780738633126
   0
0.06324941175989807
0.8736218148842453
   0
0.1277407268062234
0.7392127274069935
45.52413512486964
0.7907289434224367
29.21320155615103
12.77012575045228
0.001968002645298839
39.3792336913757
1.223056291695684
26.4237217605114
44.94542073365301
3.042171346838586
31.70150484528858
8.476649491116405
2.39667761161304
5.866529537364841
0.1210586368106306
8.784488916397095
51.63920951372711
4.33624062986928
8.37162852846086
17.14408132061362
10.41517567355186
11.42260938655818
41.04688205569983
6.192804914317094
22.53946784668335
4.544014430837706
60.32498356653377
13.85565161798149
2.581997418776155
0.3581867776811123
9.119591243565083
0.01655606483109295
7.32422059495002
29.05535694515989
17.3260882536415
8.271935830824077
2.712540458189324
   0
3.652057740837335
4.979922200320289
   0
15.67305669747293
7.621068090200424
1.571280560921878
9.835636544739828
3.029277422465384
16.73835771111771
3.669063393841498
32.37187328934669
7.590088952099904
22.57549696788192
5.881742679979652
20.9872038429603
17.39481882107793
0.5461404277011753
   0
3.158068587069227
16.16035864957871
0.2502678018063307
39.68140100749224
1.159005334367976
0.07759646512567997
2.112761180149391
28.45325088500977
2.119671816006303
   0
5.578126553446054
6.929071901133284
18.10803479794413
9.118569359183313
1.015860680257902
   0
17.17606859467924
25.31976663134992
1.863575413823128
6.852720387192871
7.397045217747721
3.433862349018455
0.000806848518550396
0.00743512436747551
13.93729950993403
0.4953647356014699
1.031054585706443
1.222636062535457
8.562404553464148
18.52788827693241
1.387220549280755
59.58877485245466
0.05874555583208263
1.005967328291423
56.75714515149593
9.436239758506417
3.178136595990509
3.981158768758178
20.98551836470142
   0
8.239127419888973
   0
9.138189451181933
0.003469302551820874
0.03686753148213029
34.91787472367287
12.90400152560323
54.59190545231104
3.892151901265606
3.652831736137159
13.59110239714683
   0
0.1920032445341349
0.6341481115669012
   0
0.1166863441467285
2.357759829610587
0.5563226653141713
0.006549897603690624
0.7364239539019763
0.004411705769598484
   0
1.523852340877056
0.03631420806050301
2.261832527816296
0.8038272848352791
0.03689482808113098
   0
0.1243490338238189
2.401076301932335
2.246569120703498
0.4076865129172802
7.809609561227262
15.636693790555
3.834898415836506
22.69103163317777
0.2829740196466446
0.5903726222459227
0.2313174875453115
   0
0.8819354102015495
5.785025723278522
0.01001202967017889
   0
   0
2.176946679130197
0.9771898984909058
15.20534772554673
25.44175263866782
0.8679393902420998
0.2217618227005005
0.05010285973548889
1.09368926845491
   0
2.244926515966653
0.9226699566934258
   0
0.7067084833979607
   0
5.640743522904813
0.03013924974948168
0.01315424288623035
14.77158989012241
13.35203545168042
4.430497461929917
6.013866581022739
   0
   0
0.8113606199622154
9.402107717818581
1.10070589184761
0.6717222072184086
0.1517831427045166
7.698883419856429
   0
6.084068071097136
6.586741112172604
5.723701413720846
3.662693798542023
1.754748366773129
0.3263697568327188
0.3199999928474426
3.16186378186103
0.4193021841347218
0.6180234407074749
2.222695372998714
8.557582030072808
0.1006107639168476
0.8715623405296355
0.8957990147173405
   0
   0
4.904386537149549
10.93686681240797
0.009709456004202366
2.406478330492973
22.5527281826362
5.401469327509402
0.1839403814665275
2.34253903478384
0.2900151293724775
   0
28.63625806197524
5.05539277754724
0.08529457822442055
14.27653760649264
46.64785764738917
7.493193116039038
8.823348596692083
0.1047470434568822
37.21466285828501
34.9709777017124
33.73273822292686
25.35694263502955
9.289043166209012
0.3685985133051872
26.28158996254206
2.296547911129892
4.590669653960504
25.87280048243701
10.37424326129258
6.191183839109726
2.014684540219605
7.074171901505906
4.942143197404221
7.703997669508681
2.066378656774759
50.81909308489412
98.80189847078174
7.834131849904225e-07
3.822106294333935
13.06340685428586
6.22968073154334
0.6386004005471477
1.704791803844273
0.2115975487977266
1.739434842718765
2.886650707572699
0.6874205854255706
1.204914189293049
1.435378925176337
   0
0.4334688513918081
0.1765389931388199
0.3834036064799875
0.2059819623827934
0.9214571826159954
6.832945445785299
0.954966165823862
49.1893639632035
8.51079642213881
6.603733805939555
4.797814988996834
21.78647451661527
9.104615220683627
0.003492176387226209
10.14286807470489
1.240414183586836
0.01025677379220724
18.75471253227443
34.09379255771637
90.4283998495611
0.001243966748006642
   0
0.9580772330518812
7.109091667225584
21.11605008982588
0.786907667061314
33.13075514137745
18.92656335793436
18.2505560470745
14.5941419750452
20.6445426302962
28.34788178419694
16.66551523096859
18.99096759036183
4.280951479449868
0.8645847972948104
66.74004654679447
5.934697544202209
2.56079027429223
59.0624278485775
6.144433096475261
4.394592577951965
0.08655582508072257
0.498328791336462
0.216075211763382
17.11260938085616
0.5346303381957114
29.05327347386628
31.31372991274111
2.504304417365347
17.04525593705756
31.81228920072317
5.686343400739133
41.88841061294079
6.696722036460415
6.08681300981117
9.033916262676939
6.204390205442905
1.141493482748047
0.6090337038040161
2.644616127479821
8.391896207351238
21.30220965459011
4.079037426970899
6.278231702977791
0.5157378762960434
33.11425215005874
1.591387340682559
2.046166698233719
3.674273857031949
1.364725679159164
19.40812945154784
30.21049130801111
4.390590945538861
7.980420074425638
4.700433200486273
22.96135448371018
0.0801294781267643
29.342105614066
3.912582876596425
2.586662754416466
0.2221292357426137
40.19949345849454
0.04750919714570045
0.1642837356775999
   0
17.20838376053143
19.98494437551678
32.69896493032456
1.943414008244872
29.54557384713553
6.122459986945614
0.2906699501909315
0.08106221817433834
0.4908915869891644
1.285180200939067
21.49113047122955
10.18293665516127
3.19803419892196
6.152148597873747
1.398885025850177
5.629105529478069
9.972026022616774
40.84923187550157
0.01115934457629919
4.992705433970063
2.142267107963562
8.646510122111067
0.6159359591613456
4.672685579714711
1.316114699933678
5.610242527443916
6.425928774988279
35.2470033300342
0.9529749101493508
0.001739816114422865
8.406938476953655
0.0435222678061109
6.667918947292492
9.667777609080076
9.73308002948761
0.1636358269057516
0.7670827389229089
25.00260351411998
3.747471685521305
50.09841172416232
5.804010649211705
17.31702678804868
6.718026694376022
1.256049094256014
0.5106429452446184
0.1407527476549149
0.03024758218816714
27.9386694803834
3.016458946745843
1.198890605042834
1.837228161282837
2.757793253374984
0.1551673654466867
8.900970306247473
   0
0.1918080300092697
0.004422465339303017
0.3116398056154139
11.20616964732471
6.505757340230048
1.957216415951677
   0
   0
   0
3.044534096727148
7.879324045148678
3.752903233282268
15.01517385276384
3.533045922289602
1.263406549876366
0.2951879154425114
0.8281979560852051
2.0203859875229
0.2378554232418537
1.88988134637475
1.736713445745409
0.7312553292140366
   0
0.2015831684693694
1.213218328077346
0.1489499248564243
   0
5.791728973388672
0.1820837603881955
   0
   0
   0
   0
   0
   0
27.03098500519991
6.030775226652621
22.99180000694469
2.8608663007617
8.264055797830224
2.850905641913414
28.89608161896467
2.440895513398573
0.258322018198669
   0
24.57600813172758
31.71844618255273
6.297515332698822
0.7589784786105156
4.531601149588823
4.573427349328995
0.8397562261670828
   0
0.2853825469501316
4.615679014474154
32.46085914964348
38.90277077767951
40.75155049562454
11.77098292298615
21.74695616215467
19.95528834266588
42.55617285892367
4.305026352405548
   0
0.02894990146160126
0.6939456384570803
0.9405414909124374
45.52008274849504
1.231714644469321
18.95772198960185
14.19494915939867
1.175231013447046
22.58588747839435
9.557235923933348
9.607794087380171
0.09192889928817749
13.06005434598774
34.84315310698003
9.259555574506521
28.68202869873494
90.69143318012357
98.60718248598278
32.51010368671268
65.17289724946022
6.879526491742581
0.1191211165860295
58.78362671285868
19.55152580840513
2.832532960106619
53.21579380333424
19.53460617177188
2.65577295795083
23.72316121256172
0.2031376543454826
7.066883761959616
26.0169180406665
0.1368347650859505
13.69899219740182
3.15823593782261
11.31065581343137
19.26070631388575
36.30957004748022
47.22269145771861
7.309552974067628
7.056192595046014
0.003563652979210019
0.2621641752775759
22.45810349659401
2.427773998595725
0.4647773189935833
4.9514371158334
7.871836826205254
0.3956203658599406
0.8458642736077309
27.37224182114005
15.3083528727293
26.62499403441325
11.97890555713093
11.18210139265284
35.01350511342753
6.236724965561549
2.278703638082673
8.851481316567515
2.73299640015662
8.071323104202747
37.72770959232002
