   0
2.459569569909945
   0
   0
   0
   0
0.1447909995913506
0.2693945504724979
   0
   0
42.59187945723534
5.366276293992996
0.2462106520542875
13.20197484283199
4.104945647297427
20.4924023214262
0.7895402191816174
30.78021877340507
0.3105135268997401
17.9465029030107
15.07393892202526
4.466045076027513
31.40598788112402
6.874370468780398
4.413253796286881
21.24917740467936
90.30070289236028
11.01565195946023
3.820075999887194
3.696541784505825
17.00616936368169
19.73270682478324
4.238250526163029
1.52823527471628
0.3389225787250325
3.224557543289848
0.1164596534799784
167.2560094846413
22.29168370366096
7.474025211762637
18.39336560445372
0.01304744708296113
7.186070568859576
0.5888278028578497
3.983229422941804
25.89383659570012
0.618334402795881
129.9915768988431
1.584925215484603
8.305679980199784
9.302634481203546
4.24624926969409
3.126581684453413
10.5405387331266
5.165839981462341
8.537543164449744
12.0155713558197
2.291464684007224
1.970090262562735
0.9357215729542077
85.63333576917648
36.46840116288513
0.8590027968457434
3.404434287396725
39.62897217669524
5.992213292280212
5.952600352000445
2.983546853298321
0.2393020796589553
6.209984071087092
8.044028169242665
6.562112217303365
9.756275573978201
1.139102986082435
72.51859512832016
0.1952910239135974
3.065099532715976
1.827303327736445
42.26506842672825
3.392948949709535
2.389734083117219
89.32803016342223
38.72949049761519
1.058536193566397
33.39751096849795
2.272673645668609
1.539964186842553
2.158196358359419
6.042075246223249
33.31112193409353
1.919542751391418
1.557311248732731
14.0286693397793
24.22049174434505
0.422033067792654
3.837644584826194
0.1797432657331228
13.27922813082114
7.158044378273189
2.273201569914818
4.95709669294644
81.01463695382699
7.478454258256534
19.43226295913337
6.399921630509198
0.5994630362838507
19.22839904448483
43.10899296635762
3.215551173503627
24.49719181191176
22.09730588959064
6.353894039988518
3.253707511234097
8.172935941256583
8.067131735384464
33.28191820066422
19.61592210642993
152.6823500301689
19.90944466600195
25.66940223186975
4.189977272166288
4.424642284866422
35.74042830662802
12.55494026525412
3.341489742160775
9.442183422623202
6.097816932946444
153.4895298033953
25.27502287796233
4.622604470001534
0.3023553118109703
1.929569266270846
2.42350822687149
0.2129780684481375
0.01621364004677162
6.748305007466115
146.7586926044896
6.358464710123371
15.69479978829622
18.79222394633689
3.789735646918416
5.792151183064561
16.61446636053734
15.71138820424676
31.39605127674072
4.136238550650887
18.21146196016343
0.02968001551926136
100.364075884223
0.326612628530711
32.44046587590128
0.02375030517578125
86.80465418100357
19.31782305925718
38.12918085139245
30.18128813261865
43.9907148629427
1.523552924394608
10.6617119088769
94.47371358424425
17.14176625013351
4.458572194814256
13.72447783593088
0.01806648448109627
1.08030818705447
1.643699723121244
0.03135771246161312
1.847535921260715
11.91996043245308
11.56952098524198
6.007360917050391
6.997462080791593
4.773061206797138
8.710391676703194
0.1757268477231264
0.3973014689981937
12.42914161086082
15.35031141061336
1.53584881714778
40.87403560988605
0.001499295118264854
62.42855305969715
0.8474374832585453
0.1317300200462341
3.833025379339233
   0
52.13535109162331
2.829682380368467
35.62004556821194
23.4621352313261
2.039802804589272
   0
0.7107276031747459
0.006775202229619026
   0
2.068150563398376
1.177909403573722
4.41869181219954
   0
0.2184002120047808
6.514988057781011
0.4106546191032976
0.0003415094979573041
   0
0.6599248311249539
8.561312040314078
0.03132850420661271
0.4185492107644677
1.168052738008555
4.628226954024285
1.310400955844671
14.39949701819569
76.20904603973031
21.37847874010913
37.31896607065573
0.1514333954255562
3.867365354672074
7.871050443383865
30.36179216485471
17.47912957984954
0.1326378765515983
29.89608449116349
3.985277429223061
119.5278708306382
20.56869598024059
0.5375655452080537
16.78918530791998
8.277062635170296
0.7808417407795788
3.777912043733522
13.02590332610998
16.38670330494642
0.4070019028149546
23.95896460488439
3.474208980798721
0.002849675947800279
   0
   0
0.03928410436492413
0.1302427598275244
7.155435578897595
2.34845199285337
116.8691647332162
27.06419201008976
   0
   0
   0
0.02592267282307148
1.320632465183735
40.30021944595501
8.307463329372695
   0
   0
   0
0.1170334366615862
   0
   0
17.38898420333862
0.1842838823795319
   0
   0
   0
0.02248191274702549
16.24389662104931
60.39750988036394
10.75146537041292
0.03915989026427269
0.6714551905170082
   0
   0
   0
   0
0.01387546677142382
   0
1.741469025611877
0.3755750660784542
   0
1.715435899794102
   0
0.03346800431609154
   0
0.2250186279416084
   0
   0
   0
   0
   0
   0
   0
0.585283637046814
   0
   0
   0
   0
   0
   0
   0
   0
   0
   0
0.2972505688667297
0.1545007326640189
4.952750246971846
0.2858305964618921
   0
0.6884008049964905
0.07365268468856812
1.00805347514688
0.5192940803244709
   0
   0
   0
0.03184783086180687
   0
   0
   0
   0
1.3397546261549
2.141215614974499
55.36376947164536
4.981627953238785
15.09011071920395
0.9361791007686406
   0
   0
   0
0.0633949670009315
18.16664542187937
39.76562944543548
1.795701985131018
4.024257627330371
5.226708525791764
0.2870049383491278
   0
8.47745606303215
25.8339724317193
0.6390787586569786
0.002782302792184055
0.0050408128881827
7.397428228287026
107.0543207647279
27.61465814907569
3.287867991079111
6.977950848871842
9.288164564408362
7.742044016718864
2.311100374907256
23.54639163985848
18.35853434191085
1.4332517554285
0.4319510420318693
1.494798834930407
25.67517376691103
3.7706220105174
1.905888591194525
74.73935002833605
0.6367698013782501
5.394441135227679
23.96762789227068
   0
0.9539145688759163
0.0325585538521409
   0
16.57965394947678
13.49778468720615
46.14316467929166
6.779227469873149
30.75809001922607
15.48627706244588
25.67874360829592
94.69957769868779
78.57612413167953
1.585975884459913
6.345667581423186
2.542301984503865
1.052457257275819
29.61958203697577
6.526971132843755
0.03773997211828828
0.001664738898398355
21.14118850661907
25.4093317091465
58.31494467705488
13.39200993999839
96.50723672658205
13.13756722840481
22.3850577455014
1.244594444928225
10.16224435716867
17.54642301111016
3.894726423546672
9.23259759740904
5.012992084026337
16.27438069565687
7.63320530205965
5.901570368325338
2.519636621698737
103.5879000737332
0.01260167546570301
3.262064910726622
0.004749332088977098
22.21922746730931
0.383857513719704
5.895128360949457
1.410986735951155
29.61262328922749
4.174952612258494
3.540601537705786
21.30322286619338
22.38917334843427
2.752938557765447
38.93032179586589
28.10579348955797
13.35903762903763
9.172959716059268
27.162643988122
68.16195102188794
0.4568008705973625
34.64516505599022
0.1742783872177824
3.034314206335694
15.27231999184005
5.556292616762221
0.1389276776462793
7.681434680009261
6.004464119090699
27.92337589152157
33.26411655545235
0.07652669120579958
39.466577029787
3.969855517148972
0.1474553583539091
8.55240364081692
40.27431801427156
9.236321210861206
0.001735908328555524
56.86224005231634
18.76350217452273
9.043315877804993
3.024332255125046
53.5577747873358
0.3537617325782776
7.910235256887972
25.83889003563672
18.46895450140794
3.426989321650762
37.91195311024785
15.28337484281299
72.84262445474558
19.19333418831229
0.761637631803751
114.8755661249506
   0
35.26188288256526
1.37076270673424
26.25586194987409
1.475161012611352
12.81613533385098
4.520861235447228
90.33796166276858
5.977376393857412
36.80598162487149
0.0338946976698935
3.443564973771572
0.2662595766014419
0.5436396766453981
6.948569626547396
8.002381406258792
30.39594018086791
8.187923390418291
18.18774065934122
0.2398039447143674
20.42045416682959
0.4654359498526901
70.73343158699572
1.079745343187824
3.351144806016237
0.03538554150145501
   0
0.1937540862709284
9.284094935283065
1.768397425359581
0.06948540639132261
296.567727021246
1.268711264710873
0.2968337772633518
0.2902224189601839
   0
13.82934310276673
0.01308173965662718
   0
1.635405085980892
8.13646949431859
10.77598714642227
0.1662820596247911
   0
3.261262895539403
0.507533758180216
   0
35.3037819978781
8.745499465148896
8.81100971996784
9.059933096170425
0.3583173468941823
5.577356909867376
0.1640345752239227
   0
   0
0.03736511617898941
0.6291049934225157
   0
   0
   0
   0
0.1873211301863194
0.001916271983645856
   0
   0
   0
   0
0.1845057122409344
   0
   0
0.1083883233368397
   0
   0
0.0007080176146700978
0.0450650331331417
   0
   0
   0
   0
   0
   0
   0
7.507221755106002
0.4186271503567696
   0
   0
   0
74.83849089127034
79.09374606609346
   0
   0
   0
   0
   0
   0
   0
   0
   0
   0
   0
2.508521314710379
89.39611999411136
34.18038287207725
59.8312716782093
18.28225643187761
14.41050386428833
91.64436300098896
20.31383646279573
   0
   0
   0
0.03466646745800972
0.1517475433647633
12.90893829287961
6.916188231669366
21.97088888660073
0.05356665840372443
0.07852828502655029
4.138889819383621
11.92331584915519
0.03768371045589447
0.05340391770005226
   0
   0
   0
99.45509758591652
28.71416238881648
97.98546158149838
5.357441420666873
87.89682169258595
38.08705904707313
3.664253409951926
44.61260815802962
95.51507254229043
1.826573364977911
74.06860459502786
78.62426213361323
69.89986095950007
10.55829959409311
0.2931864177808166
0.01588888606056571
38.00481548905373
9.664494675118476
39.72348254919053
0.6460762368515133
28.21236672997474
18.64697723276913
53.13931292117923
30.52227642387152
0.6862864419817924
27.60237963497639
7.767729637213051
0.0901127855759114
17.31000038608909
10.33931355178356
9.073066875222139
12.80414685700089
63.86487651057541
0.500728115439415
4.022452273406088
2.487331908661872
38.82335741352325
11.66422435641289
3.660559260752052
0.7491573058068752
90.175168460235
1.998712071683258
1.347281508613378
21.735523450654
9.26049719672352
8.380003931233659
8.406481480574161
