1.341506473720074
1.194146555382758
   0
   0
0.88491193545633
2.760820418596268
19.5028228154406
1.499306162819267
0.09745077008847146
1.948351679369807
14.10131706204265
10.39538222551346
6.404498852789401
0.1835732068866491
25.82850727811456
4.752983557758853
7.267467632889748
0.8490910045802593
0.02198063395917416
25.54454060667194
0.7555958026787266
20.68572228914127
21.90957255741523
2.450144879054278
7.259237617254257
18.29894885234535
119.4087164737284
1.631868865340948
0.676918370401836
1.546760593540967
0.2790813148021698
21.05336847691797
4.528119499795139
15.86611418591929
0.7288422789424658
37.27717692870647
9.457071322947741
5.431149626849219
1.735785018652678
15.12186396541074
8.142790879122913
28.29014121741056
2.601935150101781
6.372705549467355
4.595131745561957
4.877889420371503
0.04714224860072136
14.76797251036623
17.54376243986189
8.769692921778187
11.21277909919426
17.01433565933257
0.2155568774323911
7.416225273627788
10.20129221035313
17.10825107828714
50.77256549405865
5.516362638387363
0.7269332627765834
0.2557032573968172
   0
5.963854281930253
0.2493960002320819
10.68049536738545
0.01340816775336862
11.10369366663508
23.66785151154701
0.6068073328361407
7.697002584813163
8.123616857363587
1.363954714615829
32.08300027251244
151.7629337763647
4.874260726384819
46.23244998051086
17.21274103340693
0.2527536153793335
24.37031543441117
7.136982684256509
53.86102829372976
25.34793802537024
3.579873091191985
34.76498909667134
34.44762344646733
1.709866556338966
40.25397472828627
71.08901004679501
   0
2.380986695177853
52.07464478909969
49.29891749814851
   0
56.1957342447713
109.1655135499313
1.16446772828931
72.70642294770575
0.007384707365417853
0.08827252686023712
2.718520611524582
   0
16.39765590056777
0.8559754816815258
21.96164037944982
31.19809019876993
3.406866897945292
26.97268404252827
31.27560591953807
14.63198206014931
43.31771951855626
44.60654553159839
1.292174753267318
0.7043096865527332
3.542119309306145
1.536788704572245
   0
0.01800208864733577
0.4109309576451778
4.746926144405734
0.03708653957255592
0.05902787996456027
24.72431321628392
17.17708624835415
67.78830617386848
14.67359639517963
4.80824011171353
52.21241102577187
8.534033493604511
16.23178525688127
36.23811528948136
27.12693854048848
47.35827691399027
0.02510468033142388
8.869239035644569
4.919256463885651
0.03869754262268543
12.30615181909525
53.48423524887767
3.549309081048705
7.197742209588444
5.133047539740801
12.37272344063967
25.56631140911486
47.10405281721614
3.110451692715287
3.048943398897245
16.35196209466085
21.76803778934118
2.600058373063803
0.2299273703247309
0.04545024258550256
62.39423951246675
0.0005252227219898487
3.830663497094065
13.97922083269805
41.11023494508117
15.84203137084842
0.5349288093857467
0.3472222238779068
16.0478385463357
3.270420796201506
14.58153820503503
25.61914022333804
1.547604851424694
1.63295255927369
18.60978401615284
7.241669302340597
5.28291979059577
8.676102762110531
22.00703572831117
37.54790837178007
36.9024703130126
3.650329174823128
8.991301004309207
19.63806993886828
0.09077661106952439
3.463568578474224
3.337816269602627
17.87091702940132
0.8536663670092821
5.360606345697306
0.2539367191493511
1.702599854907021
2.186045913724229
12.83124561933801
10.53069406392751
16.05709681595965
18.82597028428493
7.934588928866853
14.03240984957665
9.828691870789044
0.5034268271701876
0.07478837296366692
24.86094669428724
2.723179879944847
26.72471152199432
16.69853952154109
8.604636756470427
1.26216620967279
1.308842433150858
1.332147562876344
23.08270552504389
1.636833234467784
3.910576569377953
1.082799867701743
8.791793637443334
22.0482268865473
5.414589933818206
77.48613370623207
0.2100607500535432
1.162936632873737
13.66824360343079
8.279144101321233
10.52603177935816
10.26877443962974
19.81034614852979
0.1135169374756515
0.01209372011279441
0.089033620301052
5.138033058039153
   0
1.324910160154104
13.50593780633062
6.79284166956398
12.54152369108308
2.195502638816833
7.476350880926475
17.91554251266643
   0
0.1645742049440742
4.026061962824315
   0
1.546060043445323
7.692134094788344
4.681751248574563
0.9665410665329546
0.5708862498868257
5.033325493335724
   0
0.7085368691477925
1.719397783279419
2.707946636714041
7.073865661208401
0.2001433919649571
2.329747019233764
3.863997086882591
5.920293007116859
0.8810512475902215
2.192812994122505
4.767390650697052
21.21747748553753
9.038456498645246
16.84005731513025
0.9441186097246828
0.6373469511163421
0.8421428757719696
   0
   0
12.60316587239504
   0
   0
3.521174146793783
3.497255814494565
8.728882947820239
9.220220654347536
44.49133570119739
6.338856893591583
14.62666092067957
0.9147286999505013
4.448216985212639
   0
1.282815122045577
1.065597996115685
1.999182477593422
1.632847473956645
1.515363872051239
48.03863293863833
0.132612707093358
2.758051058277488
32.65163683972787
11.9798835515976
0.4678749432787299
3.574327796697617
0.07023983474937268
0.7636986626312138
1.420750006822345
30.88142185797915
0.05955603905022144
9.285784640349448
0.8530851146206261
22.8956257388927
0.703173641115427
3.517756696324795
14.13294683815911
13.60143832182075
1.570005364948884
29.32762080430984
4.134692388353869
3.942483846272808
6.440908235497773
6.531527733430266
4.208164401767135
9.034855695907027
14.64038427337073
18.56918220594525
4.160877385991625
0.3008354021512787
0.3625287972390652
0.04382841273763916
13.20517987577477
1.375965913757682
1.447497450542869
0.0639180289581418
8.876658217988734
9.913669389556162
2.132931120344438
4.033238183706999
1.042818292975426
1.728186756372452
69.20417225605343
12.49854547902942
4.704349277133588
22.47207970998716
19.47948133941463
2.729308878071606
7.050042567629134
1.947991321329027
14.28035159733554
35.23791663302109
46.01832438400015
43.55362530611455
15.00626766867936
3.059616964310408
17.72124575683847
9.392067134380341
6.653044439619407
46.17441652715206
19.16784439655021
7.628227448789403
7.348931821063161
25.6469260732556
10.6839563063113
127.8042216040194
6.425271227257326
82.08008980203886
49.51089843583759
0.004685413972765672
13.47436330665369
31.46549705346115
48.08295038109645
19.44328130362555
0.5941831218078731
1.225807081907988
7.74130611307919
1.779544958844781
7.835615431831684
35.03073784802109
8.240221819840372
4.760663270950317
4.762172725051641
0.08761668246006593
0.4093177694921906
0.7183463718974963
8.28380430676043
26.79109349590726
6.378143911075313
43.30407364701387
11.00979260541499
7.914430730510503
1.408348380587995
23.25549200177192
9.755222225561738
7.072185382712632
21.29429632425308
0.4628603537566959
3.029546843434218
53.90579076483846
43.1955546438694
73.71901196241379
2.503983287606388
0.6307194232940674
4.558887056657113
16.52740779024316
44.15530319884419
1.56536028906703
5.722891764482483
78.5972401406616
9.676098509407893
5.563137086573988
10.78735416010022
30.81730833579786
18.04240317712538
7.141110278607812
6.664837310090661
0.01793530210852623
6.740352214023005
19.8490237146616
0.5324008306488396
34.21016850601882
21.63270444029293
0.332229784457013
0.2720229073311202
3.753601756645367
1.284538215957582
78.2905133459717
5.359852112364024
70.41546562874908
34.80590110761113
3.490582848433405
17.11947295028134
41.89079205412418
9.292056283913553
43.30521934479475
35.3094173737564
26.02255511610061
11.34476708516813
9.971746115130372
0.8492504366440699
5.030502003617585
7.469123989343643
14.1889675622806
16.65196623862721
14.22555579058826
3.134414590756933
0.1961692144795961
28.96992315640559
17.15606739629779
3.474030379955366
2.13368945941329
0.2607779673708137
26.51406477127121
50.36848891945556
15.13226614892483
23.99697334886061
11.94743811042281
10.79829836416749
1.211377489380538
26.12704928523277
3.365919816558415
   0
13.02290261362266
70.50434629465127
4.647809440473793
0.2616036098188488
0.03780066594481468
29.20982312061824
10.22436616920167
17.51802355058432
6.019585169502534
48.2880793006625
2.398951901122928
4.008782034739852
1.220143813639879
0.5684007927775383
31.98696628585458
12.19994599349993
16.11539096795699
2.325175723293796
14.09058511862531
3.134174889419228
13.4019380781328
27.9141544289887
56.21803932630831
0.8672116199501839
20.69342856435105
3.663258702901658
3.187686617253348
0.803588252024559
19.53413281356916
6.058784184977412
8.751412219819031
5.117162642720254
40.34278347657528
0.2567583322525024
0.002609724149806425
42.11337115615606
0.2547416761517525
5.655049662886134
4.245886668097228
4.710309904636233
0.4992876946926117
10.08971609408036
55.45102778775617
3.057949848240241
22.62911287276074
2.052944144699723
10.28255895758048
23.24839448912606
1.006754762551282
1.61818348035391
0.3165239673107862
4.48156003269105
27.55044443719089
4.95134799729567
2.992296399763291
0.01497851591557264
1.072031632065773
0.5327360350638628
27.12455323338508
   0
0.493566483259201
1.612097944132984
5.97049433022039
19.97570481151342
27.59132198290899
8.915507679950679
0.04473670152947307
   0
   0
7.189599579200149
5.721646012971178
0.5544010807643645
45.63057401962578
11.01578776724637
0.3386056813413951
   0
0.02570930565707386
0.4871491193771362
0.3819923357340049
0.01143747405149043
19.925542786601
13.44723842293024
0.1882515605539083
2.652422440238297
0.5208847862086259
0.1488320454809582
   0
2.005741523578763
1.443511386751197
0.03615617775007884
   0
1.245270663988777
0.003038364181293218
0.9018025822006166
   0
56.27196462452412
18.1767042381689
69.11776383407414
0.2611958496272564
0.4903987534344196
3.253639016300439
36.32099431168172
15.22685451200232
0.4877612590789795
57.55302555439994
6.627672125585377
38.04300428461283
0.119999997317791
2.173799777403474
3.96768381819129
19.44393017329276
3.000605989422183
0.233797811815748
26.8444502055645
21.71495779493125
81.66316123545704
39.62223775651137
43.59564055874944
36.24134537276523
28.94327414873987
28.84864720143378
21.27490702469368
0.6425471371039749
   0
10.50997592728417
1.234005921171047
0.7542335400357841
32.54760658345185
9.372925769537687
29.65116319287437
0.2689545089378953
55.50959130492993
14.1409527460346
13.53264662157744
26.62795012956485
1.43244567560032
5.884475558996201
45.85326740052551
4.494607311673462
19.38362350780517
77.50951023027301
76.5270229363814
12.60569800320081
90.74868544191122
9.762190118432043
2.190847251787583
28.75584630668163
29.3851477552671
2.369220735738054
58.89999715704471
4.831609594170004
12.79992772743572
38.25635761810555
1.641103519592434
3.84208996873349
24.12606313731521
0.7185284942388535
5.636410824954511
13.36193814035505
28.04098741403345
30.52922716004832
50.67918481586005
62.67061464674771
5.380329524865374
6.167059922474436
1.827903472352773
7.925709892995656
32.39103576540947
7.969134965795092
0.1990830019931309
5.900706345681101
12.40321558644064
0.01696526119485497
1.513025651685894
27.23606070643291
15.3821370806545
16.11627317406237
3.583570917558973
6.434537868946791
58.71875329618342
3.002491365737931
3.434984608815278
34.27919517504051
9.55572155929244
3.893192388117313
45.24878226220608
