17.27468032203615
104.1648125930224
0.01244522409979254
1.236476868391037
2.702953457832336
10.63295857654884
50.77859915792942
11.16693289019167
14.46191290766001
0.4560196381062269
6.113618667121045
8.300959397107363
77.98536189598963
2.650693661533296
39.14991931244731
1.023533433675766
27.69329721108079
0.4143459498882294
12.80969150736928
117.9396355543286
30.47963627592253
42.37055155885173
34.98662505869288
20.25219818239566
318.8054318679497
6.887647663941607
154.2839122414589
39.89061968226451
1.656142649007961
0.5242715714703081
0.01047600153833628
87.02312520891428
29.40978981554508
48.74809360969812
7.785617255140096
1.996691647917032
2.042305086506531
19.39799046609551
63.27995547233149
6.429696431470802
15.21373753249645
0.002128332620486617
19.4718241719912
0.02572355052555864
12.01546650100499
5.487163927406073
0.03256174828857183
21.90653741359711
0.8333402503943823
12.60516798705794
29.93550224765204
12.00251479912549
9.748463835567236
1.053928814537358
66.69801683095284
24.183483553119
   0
40.2903258241713
14.49944527354091
0.6565460562705994
0.3559253606945276
11.24787228368223
0.0640430265921168
62.98964020423591
22.14113211072981
16.73475633037742
11.1230367703829
   0
   0
11.62752820923924
0.041987051256001
17.06384941935539
35.04825294652268
45.86343455314636
5.722066041314974
12.57995396107435
   0
22.04503971082158
0.001700239372439682
23.72060210956261
13.95217953622341
14.95417851768434
10.24048053659499
16.09433976560831
0.08766202721744776
33.97770611406304
22.4634667688515
1.786166501697153
4.886734068393707
0.1677890326827765
80.77440794371068
11.45869146927726
62.267339640297
1.744511924684048
6.19070830718336
55.49734764290042
0.02429789258167148
1.247013496235013
   0
0.05568151152692735
0.9277490116655827
0.4237324711866677
0.8630520368460566
1.496338190510869
0.8220520006725565
27.39355429378338
7.413682124810293
1.586826700251549
33.65685995388776
32.8911344781518
1.010393749922514
28.57312857359648
16.67413751780987
0.899123452603817
   0
   0
11.38764105271548
   0
   0
0.1877196468412876
25.76805831119418
3.642420791089535
27.45283643971197
12.0009421557188
9.299865573644638
66.47161609865725
0.2888038419187069
7.574293541722
23.26091718720272
1.054424624890089
20.10194710642099
7.352945264428854
110.0585875213146
46.4798164308304
0.3955961558967829
1.027375157456845
146.448790371418
5.499247454106807
7.296728017739952
9.357061507180333
220.1924933947548
0.2006693142466247
66.9899655431509
0.0208841217427107
11.88748396199662
14.72459251969121
5.567230398912216
0.5133460798533633
   0
6.579797014594078
64.69981886348666
1.092069481033832
18.53644369984977
62.92840674240142
11.84683851897716
43.41421737009659
2.160881984513253
60.83485622890294
15.19076234474778
7.797299422323705
14.78828759491444
45.11279515363276
0.2917120158672333
36.65613875538111
9.062376109883189
10.43606637883931
13.78262747405097
6.329422742128372
16.30825600872049
62.94029455818236
17.80015710974112
1.472993509378284
1.09042357427772
27.18540468130777
   0
0.7647739788517355
11.39304491749499
109.5422742332953
9.0687228487526
2.422374239074998
1.879758788039908
0.7613346204161644
20.2293793563731
24.82171052694321
0.8207011190243065
10.37820103787817
24.18299743160605
14.76314378175537
50.61570035107434
1.757917450740934
1.295825666747987
1.329633474349976
1.759298916906118
26.10817036713706
0.7171787254046649
12.07925020903349
23.70329450541929
4.075714342296123
   0
   0
36.21043666452169
1.187218701466918
10.31738402158953
0.002049057045951486
13.03931298246607
57.90001506032422
21.93441824102774
11.38827017264915
1.566095526795834
26.17269207153309
1.563802515214775
3.866846442222595
2.542502235155553
   0
10.50273032404453
2.043291565030813
2.21480905264616
129.911961731685
0.7695517521351576
0.2602013181895018
16.84036607726011
205.1075580306351
0.6851122284339581
1.428338282043114
31.81157326698303
   0
89.9821048974991
1.490414500236511
   0
0.09460199670866132
7.342138539248804
18.90866974182427
7.871138204820454
1.149443164467812
9.101352512836456
0.9742420366965234
0.4313669735565782
1.453738786280155
5.186000453773886
1.737537510343827
2.308364434167743
20.1952602788806
   0
2.86415281612426
35.7241649441421
1.288259066641331
0.03414004943624604
0.1875570458360016
3.444071412086487
1.098053786670789
0.472648011520505
0.2427876315778121
   0
0.0687446603551507
   0
0.1635390995070338
0.01113731786608696
150.0732964277267
3.308916453272105
   0
   0
   0
0.2954314997768961
   0
31.64486183971167
3.449784221127629
   0
3.176427187398076
0.07037379592657089
   0
   0
   0
   0
0.05441227927803993
0.2300666449591517
5.02285367436707
9.040309472475201
2.708735457010334
15.75306955352426
2.441034688148648
0.02125770784914494
0.07142159342765808
   0
0.1685768757015467
   0
64.99691180884838
7.510242819786072
1.146124452352524
12.64693294093013
25.35511920694262
0.1751768676331267
44.06552763283253
9.007917612791061
9.679741919389926
4.357053318992257
   0
3.053837561106775
0.1214265199378133
   0
0.1422681473195553
0.8660038243979216
1.212379302829504
0.3591195398475975
3.994444388430566
0.07435877155512571
3.714237138831926
   0
   0
0.1343489456921816
18.99539662385359
7.258803151547908
0.4792323727160692
3.394839671440423
   0
7.982917822897435
0.02706432633567601
5.281158983707428
23.17497189342976
43.50492716929875
1.935764949768782
28.81976829096675
35.99910412542522
21.06111606956986
   0
0.9652337245643139
8.587429977953434
44.43207493051887
19.06910686707124
7.522599346004426
28.51355624105781
1.338553396868519
   0
55.08861911669374
3.659255521837622
24.95971038192511
96.8343624798581
3.390701711177826
0.4157814085483551
13.25015439139679
3.261987946927547
0.1896731369197369
62.85894775390625
44.93169567454606
0.1027617841027677
211.0053673838265
27.03882454149425
16.96284588822164
9.761130217462778
19.41137663993868
18.86055168509483
2.002659804187715
1.430112298694439
3.833069033920765
21.44117535836995
8.057055028155446
1.487862855195999
0.2055894609075039
2.193692147731781
14.00868662260473
0.3566737864166498
25.21530002355576
0.4428231325000525
1.436674982228733
8.558527313172817
0.4471483856414211
4.628233511466533
0.3440383626148105
28.58967091469094
67.86474679224193
17.11119296494871
2.017884415108711
0.01573636382818222
19.07879558950663
19.68191336095333
179.6964600589126
29.37167747318745
25.51824159733951
35.26743360169057
4.208148097009143
0.004451277549378574
0.93636604398489
40.72732736542821
82.10387571225874
0.3564756456762552
2.514678835868835
65.41345145180821
0.362073830794543
12.8857415728271
20.91631654370576
41.98049968946725
22.29606475029141
6.367772659286857
3.383329826086992
20.48966728290543
1.04190747346729
44.31702568009496
13.21357773989439
22.18565090559423
17.9905114993453
0.5057448614388704
0.7775735631585121
   0
1.11115551344119
85.78905085791484
30.34546505452557
44.88947367481887
3.429659847170115
5.460065761581063
20.03266039858056
21.02493350446457
   0
22.06972073810175
2.001930999566667
33.94374661147594
50.10921184252948
3.054543538519312
17.60219369234983
5.356503174728415
137.6292363405228
10.31191714573652
25.6957235749158
3.495726319495589
6.335762827657163
0.4121109694242477
10.72893423400819
133.3058992277365
4.780779153574258
5.290353450458497
2.752143017016351
7.935853034257889
45.5045713763684
43.12964615069393
0.001644836202103761
0.9295720071531832
0.4104189781937748
33.36359004094265
43.3187081670735
130.2345270490041
   0
8.380654000100321
0.3208417483838275
4.902505196630956
   0
   0
33.45772271230817
2.929008487612009
0.7302917838096619
1.51010476997908
92.38481424696829
0.08089650375768542
2.557907138427254
   0
   0
70.45297002792358
12.28147529432695
247.922099351883
8.170678273891099
15.5786081366241
13.79370969161391
289.5977754360065
123.4451218564063
17.62803950952366
60.04484477639198
0.9445040635764599
0.008444542298093438
33.59530032787006
1.497521792363841
300.6687952131033
0.2607452124357224
15.82897817902267
   0
11.83574225381017
   0
   0
65.06726925820112
1.140052849426866
46.36717621050775
0.927380720153451
10.19585560949498
   0
0.4611697485670447
20.34256803430617
0.7568513923324645
325.4453622698784
0.01832830533385277
22.58030745014548
2.974322720430791
0.05217805365100503
25.06419462941733
1.057727645267732
4.746250187279657
287.1229084655643
2.485422223922797
32.19326827144687
0.7861638211179525
3.794908350333571
9.33920094743371
0.02986700646579266
   0
0.1747247684311333
3.45049013197422
0.6411817409098148
32.00542563199997
2.529245396144688
6.731727433012566
   0
   0
   0
0.3496715961955487
183.6843894701451
0.03348685726678013
19.12570574460551
0.2412689924240112
10.0365728977155
0.02951879278407432
   0
   0
   0
   0
   0
4.209700994193553
0.3116000145673752
5.161175494082272
1.673224055557512
1.593209344893694
   0
   0
   0
   0
   0
   0
   0
17.83565736562014
6.668427490629256
13.64312905957922
4.449290640652181
   0
1.145280987024307
   0
0.01373747829347849
16.32593049443676
24.09901596652344
8.431947074769294
0.7355616614222527
0.03022393025457859
0.275645419023931
0.3557547628879547
1.693529937416315
   0
9.229648545384409
   0
   0
0.09659003606066108
17.41527445800602
19.63738480017583
67.77348782122135
5.62634070077911
64.6489106509041
20.38724479488201
5.679824094666401
46.44842761941254
1.766779609024525
   0
10.42284340690821
24.57896712214875
0.5286341598154252
177.5892102359794
0.7044961750507355
15.57378085979684
10.25476008653641
6.411494859028608
182.9997165084541
31.59136547517133
33.15516643971205
20.22530026733875
0.01499994285404682
63.94346292223781
8.322509974241257
8.869897581636906
31.50436443090439
202.3247538129799
14.34057009965181
45.96949525177479
2.096110068261623
37.87553832866251
71.18890294618905
70.68882378423586
20.95531008997932
67.79316528483469
5.537930786143988
10.34759198129177
197.8056524099345
0.5508304699324071
2.948156662481779
116.2577715808548
0.2941364021971822
28.93097048747586
53.06282936967909
45.40441943998749
60.67133247479796
35.42809147853404
9.40547913312912
2.886932546389289
36.54720289679244
15.09167050942779
2.372626361669973
87.92860425822437
13.79741105437279
0.03700452763587236
7.271564255357163
0.7279942631721497
0.1190809514373541
   0
54.39046579599381
10.47854101122357
14.3084422647953
0.585783728165552
0.0848001972772181
26.76117872889154
19.51098896027543
78.37743410142139
0.9717823935042986
14.17757764924318
0.7219664229196496
27.82533534173555
