3.1279421672225
1.549058962613344
0.2723139381268993
   0
0.09419875964522362
2.427309597609565
3.991901986591984
3.173758471035399
2.41752749925945
16.51156951487064
20.88364241272211
54.28207898139954
9.412844397127627
0.3781022718176246
45.530452875013
0.4706576969474554
3.57666096650064
6.849401676096022
0.04283579438924789
6.323460977058858
0.5556043051183224
5.927296579349786
1.570433834132928
1.550549715175293
3.122294990775117
7.684112854301929
10.31392278475687
1.908778161043301
0.4118794817477465
0.7005879456992261
0.4434432536363602
4.82518345117569
7.187921864446253
12.14875339716673
0.8681330978870392
21.63097496144474
8.023608725517988
4.206492504104972
2.44769002974499
2.961057899403386
2.13196917087771
11.48660998418927
0.4326066225767136
1.288852382218465
0.04738400178030133
0.7260104063898325
0.0513256024569273
8.954280312173069
2.2229019459337
22.64150109514594
3.414184376830235
1.855577043257654
9.713284686004044
0.2467401791363955
26.69529645811417
38.21367298159748
4.771332036936656
1.663776203989983
1.003569539636374
0.08051148679805921
0.08260692795738578
4.302804262377322
0.4399515242257621
11.74626332223124
0.6481321938917972
3.178896525874733
2.336237497394904
0.06513137859292328
27.21130261593498
11.83148848501695
4.030261038336903
12.62230559624732
62.47796024108538
7.202799342572689
28.26275587826967
15.25266594300047
0.2000529915094376
39.1378691715654
0.1420073232147843
57.11051270365716
5.677728439797647
2.971454247599468
155.6751764640212
76.26823142357171
1.419237959198654
120.1466951966286
19.69054197520018
0.08837523777037859
5.189822307787836
26.8107599420473
31.71832914091647
0.008772614499321207
50.05813675001264
14.84609428467229
1.303654378745705
49.05550708854571
0.2308197005092509
1.108455445966683
3.299032553522567
   0
0.8996656218077987
0.5294450260698795
9.331512273056433
24.49758230894804
15.40832952171331
39.07378302374855
24.42962442245334
2.656778869219124
30.68423186804284
42.27306853234768
19.54364946484566
10.3653913885355
5.559003917034715
9.445400070515461
   0
   0
0.5441825547022745
3.495443814434111
   0
0.02852669358253479
32.94445951282978
13.66724282503128
53.59476606687531
44.21925441315398
0.3629682079772465
38.07510952884331
0.5024826822336763
13.99755313294008
73.11824835743755
7.246258179657161
37.47710213856772
0.7904748916625977
20.50595504790545
9.288319810351823
0.01900638453662395
16.52835882082582
58.82571230642498
0.693217037449358
10.47649992862716
9.288960823789239
33.34557506312017
5.327224835753441
27.0834862915799
2.002235559746623
10.87507455796004
9.689190128818154
13.22123536444269
0.1541466591879725
   0
   0
52.17265152325285
3.7959470153437
6.808330579457106
8.10833838868097
25.93646901100874
5.146009894087911
2.386199004948139
2.127322698477656
0.7600039673270658
0.7818807763978839
8.657953372225165
24.47593518579379
1.07999711856246
3.093825096380897
25.54871436022222
5.960778556700426
5.463914381340146
9.156891940161586
26.53955545276403
24.23826048057526
16.43917625643371
4.838556354865432
7.458744760602714
17.92514297038944
   0
6.279725730419159
3.54750052280724
65.40905556734651
1.454046002107564
0.4650156535208225
4.673511010581301
0.303718669572845
2.657934823946562
2.411679516779259
3.950107144191861
8.880052200745354
5.592422551325456
15.93532141856849
9.141900016460568
19.62180421408266
2.601125836372375
2.101685189350974
13.85666892677545
6.533073282800615
12.1025034673512
17.75609303336822
18.46407887339592
   0
11.30081433849409
0.5385651849210262
57.21277847187594
3.587082521989941
5.74708999786526
1.84544428344816
8.659705761354417
47.2799602812633
1.028457270571824
29.26891817525029
0.03033144667249488
4.247650357428938
11.08994704391807
24.04694779962301
4.841829986777157
6.24232285410346
6.101359289448021
1.893951803445816
   0
   0
6.174569115508348
0.1554884929209948
0.7448320547118783
13.6630039450028
9.746337803197395
9.325524285435677
2.209635856561363
5.689947519451379
63.84547395935323
   0
   0
0.4735018853680231
   0
2.551225516945124
0.7612043186090888
3.067953266203403
22.06190490722656
0.1168793304823339
0.02447918988764286
   0
0.2123818453401327
0.02101305080577731
0.1557397209107876
13.62225826608483
0.3244168469682336
   0
4.23555345647037
4.704855955817038
   0
1.185458978638053
26.33625234663486
11.61368403630331
2.965052207466215
16.69684171490371
   0
0.1031169892521575
0.1059720511548221
   0
   0
23.7474392876029
   0
0.2957524359226227
10.81086851656437
1.069133645854891
2.757927231490612
4.521945261396468
36.1357361478731
2.755174884572625
0.2401595059782267
   0
7.940738670527935
   0
   0
   0
   0
0.1495141326449811
0.8476188816130161
151.5309857707471
0.03013924974948168
1.389281871728599
32.40555851558747
6.338769720867276
   0
2.489861652255058
   0
   0
3.713173685711809
14.83200937323272
0.3218577951192856
6.502676343545318
1.722728932276368
29.42551225423813
   0
0.02177130989730358
9.021652076393366
13.40105290734209
5.855002507567406
20.41481401864439
38.6194468960166
0.09298855275847018
2.331462232396007
1.116269543068483
1.254646852612495
0.0519824146758765
4.756779297837056
16.88577397167682
2.438408434391022
0.3008354021512787
   0
   0
0.02465945109724998
9.209180094301699
   0
10.69078136858298
40.29038560390472
0.440111117583001
2.677381544956006
0.5968057429417968
0.7609754502773285
5.23608179576695
222.4856384601444
9.236124140908942
2.055961039848626
2.591810451995116
10.25714324071285
0.3091709427535534
8.673038260254543
0.8215198777616024
26.05062425276265
24.64676348236389
36.2324582671281
11.92543449788354
6.643585820274893
0.1124054808169603
38.20861484133638
3.395252228481695
1.213304471690208
64.03695299429819
9.773789818980731
9.212804329232313
5.682119188830256
20.45627864469134
4.98429265327286
32.13757103029639
0.9288609959185123
80.04696524643805
63.26435563527048
0.04159682430326939
20.25968656956684
24.1278383852914
16.16450399905443
5.315879254601896
1.486394905252382
1.253019860014319
4.282662010286003
2.629445971455425
18.52721674795612
9.045510512776673
17.47193876802339
16.05572265386581
9.966036587720737
2.52278770878911
0.8718131923815235
9.07706081867218
21.8202067251102
15.58872864604928
4.747327721200088
15.61214182898402
   0
1.626442179083824
1.971921181306243
3.984098734566942
1.30395893973764
0.798183623701334
3.784130662534153
0.2000432694330812
58.94783869385719
57.698650367558
18.51269470050465
72.79038456055135
3.031801356119104
0.03330943116452545
10.65974112320691
0.9244003717321903
19.31512719695456
5.92485144676175
0.09074311121366918
66.42131825350225
1.863964085350744
20.22756895935163
3.994493075762875
21.94096584967338
2.426666963376306
13.38326310314005
2.508194405818358
   0
6.748408696112165
19.89611801505089
2.701909967348911
20.37362537672743
1.731172903906554
2.072471542749554
2.280286625027657
5.076556727290154
0.001424799673259258
38.68088070116937
7.764728315729212
25.66242417134345
32.81185761009803
7.904989328701049
16.80631282283095
68.25090227276087
8.641064840834588
50.22304665111005
39.65410605707825
51.85898649599403
24.23962678096723
2.671530066809282
1.855530285127315
25.43295080121607
21.934395249933
20.28407792933285
17.38780156522989
12.32951131090522
17.64850379701238
0.02208482759306207
55.35430455153477
18.5731282368165
6.43437219086627
2.590830344706774
1.868785810191184
4.934832227178798
28.34603785793297
22.91436705901287
19.44791772379249
3.006827783265962
4.213122385544246
5.606062813312747
34.66240031070409
18.83729616645724
1.230048552155495
29.73749837602622
36.75370352360859
0.07356350310146809
0.02186330407857895
0.3347298589069396
12.7349521528231
11.73271922517772
8.004345897585154
0.3937606576364488
59.91589494007256
0.5905943363904953
2.138949092011899
   0
   0
7.307848456781358
6.073986925126519
43.70189219159158
0.7507646828889847
0.5735291000455618
11.50455623422749
10.08742247382179
22.18509814701974
55.86622136365622
0.9225539048202335
25.40246846080618
0.1124255331233144
5.016131707001477
0.7922830693423748
11.79224548785714
0.3191654680413194
21.51812266558409
0.1855793632566929
40.29473591269925
   0
   0
30.96722070500255
1.222061880864203
13.96589638944715
37.55132884683553
1.805883049964905
1.552728292765096
64.31030365824699
48.9411517479457
3.906532642664388
13.62334596272558
   0
9.512560382019728
21.05498928646557
0.4889784096740186
11.0668382129079
1.681160181760788
10.93571370703285
31.45991009555291
0.9467855095863342
6.483056731056422
   0
17.75181302961267
2.602930594235659
13.79731106758118
   0
0.02012991812080145
5.941037878394127
0.4799210783094168
8.887709710807815
18.38207895308733
9.66811404160245
   0
   0
0.02293006889522076
10.47667988011381
2.74709220265504
   0
30.0149128486737
26.29060227796435
0.01319888286661808
   0
   0
0.1217872798442841
   0
   0
0.6941512003540993
4.461791390553117
   0
0.71991325635463
3.525450000073761
0.5458949580788612
   0
   0
   0
   0
   0
   0
   0
0.06030302494764328
0.4386740922927856
28.1596266888082
11.5279141664505
41.50091587228235
0.009508482180535793
0.5441476702690125
4.005050182342529
10.70000144466758
1.713420343585312
   0
5.693284217268228
9.815869927406311
75.18613971956074
2.725777179002762
   0
0.6896622721105814
9.833072505425662
6.241382552077994
   0
3.691275491379201
9.199224222451448
39.0634502472769
43.13078586570919
37.33150324225426
8.46014086409806
20.54929795616483
23.89621489215642
30.3110461011529
0.1249346327967942
2.575113119557499
1.916806757450104
0.05948800127953291
6.625230472534896
29.56579380761832
23.26974179875106
52.21254456651462
0.2300863564014435
43.50431861006655
22.70890009027722
34.8536433294713
39.02794070541859
0.233194574713707
0.02593204751610756
32.60938688777937
19.97390719689429
25.19495505094528
76.82336798589677
95.52624719869345
28.14563769326196
58.1465512663126
20.47843715036288
13.6733494612854
48.01638870220631
89.84613499343095
9.019679249767989
115.0417692717165
6.590797301381827
8.350200747372583
42.55102478027295
3.126323848962784
45.66496902704239
24.77474561147392
0.6472075651399792
4.237318908795714
16.16957341064699
20.6900418784935
10.69614865910262
24.37339247461797
43.69125224649906
6.57135262619704
7.012334667844698
5.685430724872276
4.981744389559026
30.26948256138712
11.31882560998201
2.857865822559834
7.909119974356145
0.9759574690833688
0.05437511205673218
0.7545817084610462
16.84343017823994
13.02639600634575
28.17439865227789
8.230525626335293
4.371637041680515
106.8131362713899
5.554138505313975
2.947254968253792
14.63816695689457
35.7318973559795
6.91733208973892
0.096990080550313
