   0
0.2060690019279718
   0
   0
   0
0.5141480583697557
1.658062870614231
6.339801019057631
0.08197504060808571
   0
6.150639646220952
0.4167241156101227
12.55504256451968
34.58438291057246
12.34481683769263
2.208413373678922
0.8645623046904802
   0
0.1472690946247894
2.281960321008228
10.43743562633972
23.04427848104388
41.32716772382264
3.353814956033602
27.03181934030727
15.90627839951776
23.76528113661334
0.7211726168170572
0.4549213014543056
0.09186019547632895
93.56800723075867
   0
8.152941272652242
11.01745855715126
20.30896198609844
0.7991684172302485
10.39338471367955
131.1681449133903
1.823272206878755
25.10343240201473
2.482306879945099
11.13963521044934
22.83411546610296
1.506572336773388
0.5661648996174335
9.094895523972809
3.216520848072832
167.1207212358713
29.90917750797234
14.15063475276111
8.031664638993671
2.822032599373726
4.934616354643367
25.34376891702414
2.946687530726194
0.1938874750339892
3.324644349515438
113.6490359643358
9.424717532470822
0.3970037596300244
148.3865019381046
29.57356914569391
2.625147911952808
55.04990079603158
10.77754388493486
53.82248461060226
42.66840982693247
3.378362357551392
80.62966884672642
3.837228429387324
11.31334429234266
11.56889589643106
84.28986938623711
0.07322219881461933
44.45672136737267
11.77241783426143
0.06370844898629002
90.09141907189041
52.65542821399868
25.84076497331262
6.63714919909561
1.786351306829602
8.045166123192757
35.11319237982389
3.504996639996534
127.8103483951418
19.80236763349967
0.1576060960069299
17.91727550234646
49.15699383988976
13.28185379010392
9.521157259398024
37.89826850095506
35.36546086461749
2.662085633026436
32.67725431546569
0.05169295286759734
9.353642949834466
2.568651438632514
26.03502172464505
201.0424789812337
305.2848317921162
33.6514750381466
5.333060395816574
0.1010829875594936
46.87656571343541
23.42359029687941
36.13699154369533
43.5537179261446
4.227676435373724
6.312098424881697
4.439120822586119
46.75773199112155
60.18358180260233
8.863460791985744e-07
146.5059975981712
3.79784728019149
17.29880952835083
55.61519325897098
17.49251670856029
40.22870677337914
6.936453873408027
134.7350560724735
45.9275970797753
17.06800728861708
11.16309993853793
4.564601825517284
41.86095367185771
33.62651913869195
72.58607042008953
0.6886012824252249
19.43472053622827
2.881285665556788
4.62641111646331
0.8445580862462521
7.43932341656182
51.13153767876793
2.794240269809962
32.76982871326618
6.011493173486087
33.50995165109635
3.009137962711975
32.7558792885975
11.26522122044116
26.09295547906492
0.01002738531678915
5.357606637466233
5.94067470356822
141.5675316229463
9.750409434083849
129.5245148935355
52.19100125413388
4.810858088545501
27.43099538329989
0.08730581123381853
8.744973482564092
163.9771868772805
1.446561347693205
24.41607073415071
173.778479966335
2.906986951828003
7.037899471819402
5.314416382461786
2.188037763349712
97.72992326971143
25.17138465028256
23.60232725134119
16.28899266198277
54.18910642433912
7.08837809972465
29.04306299361633
12.0926825851202
69.48088247515261
26.4637998676626
2.176720409654081
22.11240037810057
19.8037668466568
13.01938948896714
49.13592990022153
0.1882432051934302
0.06591127067804337
20.74662276310846
10.22679904778488
47.50649690860882
77.89188627526164
3.504309184849262
156.7827118076384
3.328533368839899
20.58424739167094
2.300445213913918
2.676740674301982
   0
8.949568746087607
12.34973301738501
3.352292153052986
53.99683445133269
114.1000881325454
1.341516248881817
29.74765304662287
5.985572640722744
9.855303832264397
8.232218217104673
8.03060013539535
3.060758241685107
18.30876021739095
11.55285627557896
0.7863463526591657
28.66942152101547
8.21617129445076
28.44517776024661
28.29758435022086
0.7546646932605654
111.4839658550918
3.225076981028579
0.543792579206638
4.463787542656064
0.1089396622407701
0.6203129179775715
0.5066947042942047
52.17897407601981
1.621567092835903
1.024540336802602
16.22664139639877
27.41462438612752
0.789792537689209
3.071108252974227
43.87424556352198
0.0872469953028485
   0
   0
12.87629014900943
3.24932883002414
   0
0.02620874578133225
18.08039472997189
   0
   0
   0
0.02090978436172009
0.8580666622146963
72.47307569906116
1.36039625108242
   0
0.003430909477174282
   0
   0
   0
13.70319725479931
3.193047529086471
0.2005733866244555
   0
   0
   0
   0
   0
   0
   0
   0
   0
   0
   0
   0
0.7061317935585976
45.73261035047472
31.49486556556076
36.30074494564906
   0
   0
   0
   0
   0
   0
   0
   0
   0
   0
0.001753555843606591
0.007138962391763926
   0
   0
   0
   0
0.5904496978037059
   0
   0
   0
   0
   0
   0
0.3239017841406167
   0
   0
   0
   0
   0
   0
   0
   0
0.1577939987182617
   0
0.5406773798167706
   0
0.08843127638101578
   0
   0
   0
0.09549390524625778
0.05421312525868416
38.26851437985897
1.517382185906172
1.597436189651489
   0
   0
   0
   0
   0
   0
   0
104.0459221042693
19.3118657451123
0.1716273829806596
4.84467661101371
10.05535981711
8.408295822329819
11.74021911271848
1.135723064886406
3.615827444009483
67.91933286935091
22.89029373391531
85.52188602555543
15.60303989052773
4.381169881671667
14.46694666217081
4.467696364154108
8.699694903567433
34.28880879108328
2.688154045026749
0.3003543732920662
0.7649025852442719
12.17480294033885
0.6802129098214209
38.03578664176166
7.372036243934417
25.11183289781911
45.38364383392036
53.94541716971435
39.70947615755722
52.96174150228035
14.49622803553939
0.05394274182617664
0.2298597700428217
4.227510948781855
53.85795403644443
0.7223660035524517
0.05601486086379737
88.53888276498765
3.66907561570406
   0
0.1727485932642594
0.1930878767743707
49.67271298798732
0.2020038736518472
6.577346422910709
0.1124687689589337
6.271108362358063
0.477749163255794
2.74007266596891
0.442136192927137
60.03423643484712
27.50774216651917
21.15992379729869
102.6350098848343
69.17679124954157
0.2940432233735919
3.100481333211064
6.859912420157343
11.47209285327699
127.9730832912028
3.246788874268532
   0
31.63731774594635
12.35807120427489
51.63880170311313
6.671033821650781
65.19490400515497
4.0326540004462
117.3113435721773
49.6152398660779
0.02925205044448376
42.45775885134935
12.63029370969161
58.06023360649124
21.51129868626595
67.93131061713211
3.951762887183577
8.910820875316858
   0
61.96386687830091
22.35980325937271
11.79862863079883
39.39663498848677
4.79420549608767
174.7800660291687
34.92579128220677
0.5454293853836134
138.5120910406113
33.9761541383923
7.663834996521474
23.76041099832961
8.582740161917172
0.1227191279176623
149.1721307262778
21.19610370486043
14.73245190829039
9.57835256193632
34.57903901592363
102.496048263507
0.06002908386290073
58.05058246850968
19.61353516578674
36.17508408706635
13.45705821132287
14.40630868077278
0.3945123553276062
154.1612128873821
12.01374000136275
11.05781562905759
36.34146854048595
1.710872460855171
426.2148371250369
1.33997830026783
4.029223088175058
81.01808450266253
0.4814512936864048
47.12412454932928
1.273079732432962
443.3135881950147
12.25602285034575
24.58373458665997
8.032377369701862
0.3044576421380043
24.63522331956961
9.792606940958649
5.279731057584285
22.12848640667736
   0
136.3826493723318
31.12848172156373
42.64976819814183
19.35624761972576
0.6315496135503054
308.9830801342614
   0
70.25502355769277
16.91785195190459
44.79553664848208
56.13595050573348
6.789860566030256
0.06672889366745949
23.98000709572807
3.65783283917699
13.74253140389919
33.99456955956632
17.59708116948605
27.41008618567139
0.1079837868455797
1.039737394079566
1.644138621166349
2.269896857229083
8.590182515326887
47.88094149529934
0.4150112069910392
30.01531571242958
0.2376323797507212
27.54395671188831
1.29285918790265
11.44177478745236
0.2343447152525187
3.105120046068596
6.446479454752989
1.272428820258938
161.9808275473993
4.23435339378193
335.6056597723863
0.2481402680277824
16.89367849752307
33.49406404630281
13.32141346321441
13.18062011432778
26.18058215733618
   0
1.233091875910759
0.6984677417203783
2.110575879923999
   0
   0
0.7357819767203182
1.711469238623976
   0
0.2149377587138588
0.5059222616255283
0.0258818157017231
10.94081202731468
0.6639324252028018
0.6361214639618994
   0
   0
   0
0.01713353209197521
0.5148515999317169
   0
   0
   0
   0
   0
   0
   0
   0
   0
70.42207801342009
0.1476934319362044
   0
2.204669877421111
0.005882921628654003
   0
   0
   0
   0
   0
   0
   0
   0
   0
2.0953488945961
1.704914845526218
42.59853960573673
27.10990120470524
   0
   0
   0
0.9764656182378531
0.175110962241888
   0
   0
   0
   0
   0
   0
   0
   0
   0
   0
   0
4.757956828922033
42.08654516615425
12.90875075012445
38.56896317005157
44.59278162010014
36.49483100138605
18.56422541011125
27.68177766352892
0.07755688228644431
   0
5.70964053273201
195.614166200161
0.2237582616508007
1.234755779616535
0.9554373472929001
0.2548690959811211
   0
   0
7.01140465028584
2.046119973063469
0.936611533164978
   0
   0
6.815856253282249
0.3673471864312887
12.1854997985065
169.2409104667604
26.9635205809027
44.79401839897037
92.29414485022426
10.04555357806385
5.543642353266478
24.13063341425732
40.70263714413159
42.71948566287756
170.4660554975271
10.37432935833931
5.459184999577701
21.33563178262557
1.96561620105058
0.7465266510844231
30.51328783889767
1.143832894042135
100.6383977199439
6.622455066069961
11.87983417883515
27.84958374127746
35.11471993289888
9.41642102971673
14.57627433468588
83.18666109442711
73.11673149862327
0.5511365323327482
26.10941901405946
2.059243260486991
0.2995206490159035
206.0784771361084
5.410170805407688
0.02864707866683602
36.9842737801373
12.94963475887198
20.8197932918556
40.23137518856674
18.55639534443617
34.91215374413878
39.75651005609537
32.68718937024711
14.25230269494932
136.5133133546915
76.38957019003374
16.08289921993855
5.839462175150402
