0.1122277375681394
0.599243994820316
   0
0.007965992503767581
0.3253644476438595
0.1644269139834835
0.181810987593773
0.5094525065732448
3.059800348111661
0.8116121206422965
6.535105204861957
4.06745196973084
5.470462623658391
13.59171448312044
12.10687123938268
4.487904638747685
1.183884459738784
2.272566695492732
7.745166080066674
6.066680459477343
3.875667168227789
19.49810174089792
8.437079375951328
0.3280015356593416
1.961561055525994
5.41767228181121
11.96920309067384
33.83700461131726
3.524706040548117
   0
0.001613552582488976
2.265467205077408
0.05751186705106356
23.7592199161592
5.682162732774494
5.569826694663142
2.025136380120771
2.406043413346346
2.889664952829361
9.145143688632063
19.91188922595922
0.594441252219163
20.43424440282012
24.40311912879636
2.635578985453378
6.733577019959117
0.08714891836240289
24.56504795180414
25.97103868099077
21.46306489397403
7.115624671639535
8.554594900056969
11.54192610966962
4.718072190851999
2.913270446185261
9.130068443121081
0.008934232861433593
7.884453062675243
16.1805613015651
14.79941696506185
27.26805355692634
9.679362429764364
11.81745955759299
3.565043991007333
1.472613384157331
4.743547257196663
2.177627222161572
1.630263978280923
0.003220316104503095
10.50901228187665
10.49366117700294
42.2040397020418
18.50646776242267
2.661842313147961
4.665415270489804
15.90613257091695
2.148848126002916
7.108276723501256
8.110021307825804
13.51350724439134
15.28464849489477
15.50776018122597
3.746996716660095
29.80107674615419
2.205693994995766
4.981667867302956
13.64238849367805
17.64272490867481
7.259356889496281
37.79783134332292
19.61404387535744
0.2267574940979884
21.15642322683921
17.53552924429885
12.13565994690164
26.91357085100906
2.139619368193643
0.004202347004288513
19.02122479389329
0.07255409281543067
1.763649646669506
0.49354427545471
17.51477839015753
16.04015072060351
8.165905533551735
14.19321205231332
22.02397920313814
2.945179237182338
0.001490230734606073
11.02727852729428
0.7743177501143534
1.235461506788002
0.3569613853039353
3.613540256874482
4.412117908210846e-05
   0
-1.308219597100987e-18
0.2085719229770514
0.000294117680331108
0.4063216464229469
6.449166086834943
0.4624007982733803
28.62892908709553
23.78429130165074
28.82370045190163
9.503876529544044
18.85266617633733
3.70274744220221
15.51598852783876
13.72886989550868
13.64662826378553
3.51320611250122
9.551960476459547
18.91639618143729
0.6314534320564648
9.442331715721526
8.167113271056374
8.49442065438274
0.0770071142010976
10.64616687707288
15.72062302323443
4.713410981922921
7.66127216378934
6.441649386405832
8.839724268389181
3.840196175140925
1.925531463641104
8.331515386279142
18.95771423544203
0.2611229451960849
11.16124699998884
3.488672408420131
14.05683028974371
3.261501619294422
4.755674538741227
23.54648451139008
19.12992124163581
0.1329126155237356
8.47906667499791
33.6138930627413
41.46595902380093
13.30571073940732
1.651783589594516
3.020197813998071
17.5105108769489
15.06694456437637
15.12101958435357
9.064391353589567
25.30494265118297
6.788764403518531
5.456669122370734
3.850171715073536
15.7685732684107
23.1329866316626
0.372090294716226
0.265716216214504
9.40294906479452
19.62042960227795
19.7696789737176
3.198116462443913
1.97474125649464
36.46905005223309
12.84968186439704
8.822251454177673
16.41056904122464
12.17995751390533
17.94169045352346
21.80381116256525
10.09802897995734
6.182833366941337
3.94679831081645
0.007430408313361898
1.385987238205831
2.790937497634853
6.258539832800621
2.903998431160578
4.245277268535277
4.115797027458154
0.4782384959738829
0.08417911398485269
7.904767552320999
13.94487158309447
1.417126956723887
0.7849543620985056
7.185798022939887
5.486891107725546
18.60334967219348
8.364754348920531
1.923002108680185
0.7897271549238947
8.622572936776473
6.504962279376846
1.573513284453871
1.745670178180634
18.94925068933015
1.477187778564022
0.01282342091839038
0.1170368369455827
4.622281000130252
6.328036253302879
4.690204464493192
0.6096051478339654
20.25297566911787
0.7265965238770054
14.57529377556162
9.280963834461662
3.462784770556348
0.412613722292301
0.1105249799684314
7.851230475670469
23.39289619672207
0.6954355665834152
0.03715495184123738
2.345080047887125
1.232097352807124
0.006359105619331824
5.511639090446853
0.02281173408270543
0.1324290520828065
0.1143554435109168
0.4357424693046581
3.517243775830579
0.03975213132965528
0.0505656227814119
0.02419846628039003
0.505282972405144
3.332615640542508
0.4708898864608658
2.786668791833304
17.70233851290444
4.462505278424444
1.735439852061457
0.01192392201774429
6.236312258430365
0.01717237444226501
0.001387070189437706
0.1036492726000439
1.694967037788999
2.967907526819646
0.01926747460774852
0.0227349934518017
6.770250302308164
13.30189239927422
5.05283495554166
2.191899656678238
3.042540865265156
0.0003673461075992709
0.2923977545675318
0.0003041553703790271
0.0003771990075050749
   0
   0
   0
0.2934265520512385
0.08292013542288214
0.5128470286718612
0.01254314670440776
0.04742750334010828
2.233181087886958
3.916264291625221e-05
0.01498521184968078
0.002388788117042877
0.0002666376361686884
   0
   0
4.827757268981181
0.3190350473705806
9.391930327409034
1.798187286990686
3.566134231561332
0.4447983109699956
0.03563306896519092
0.5865236119228872
0.837055476892012
0.8788873329910432
0.007775548904997221
4.098932347012186
0.8625580621193416
0.1475614428504711
0.02155331103434589
0.02344456127734158
1.260602619535106
11.36964545350287
1.365325161911491
4.276548663473424
0.1470029526441999
0.9364873555481754
0.003946080477870867
2.819050998307912
0.3097256333536593
0.7758701277908713
0.8902694004368642
15.81949167840592
1.130003001849601
1.132096765376492
1.653120043112937
14.12144275475446
2.762226210083237
15.0559706047173
15.23609872368883
3.382388126029963
5.936841555832184
7.44301399285479
0.3641679471942283
1.134487669245911
0.4412399927772236
0.8526789166420053
1.108757553873125
2.474181885298948
7.343243136027274
6.496946970794368
1.687553327597501
2.759988977473939
2.136476628617663
3.192044525119303
2.37282515799955
7.397590428227264
2.479173607976487
4.331677677943848
2.719387531062183
18.88881683894565
18.56385836740123
5.81768069349198
0.5588851538684499
6.162591607368684
2.790764047938953
10.67621710380219
15.45727160416444
14.95739560976581
15.35588671079466
0.2497198686256931
23.91766050310155
13.89330559549709
2.014841955541569
6.906201579095057
12.90672108747812
6.427004916495867
20.37532670940927
0.6891343719567935
2.200093137778711
0.2888788532298661
4.193267761314379
3.976667318750619
9.166694320425233
1.607925027475023
5.195764347294911
1.513103238214462
1.079327121422889
3.546134006099344
1.680665061095465
25.95703688929065
2.61686986543321
7.138777224758655
14.95775244702844
0.3971392651776074
18.18401981175051
9.336900599051946
17.43305043009849
5.135148784069782
4.570807616362811
13.61169224212628
6.54860837308469
15.63168996264528
14.17848747205616
42.41341240506562
42.40727153662682
32.99149253438415
13.4259162564969
24.21206288859035
15.62953175793022
23.2149995825773
20.73871188713297
2.684698871654496
1.502568162548147
1.316589216638629
11.60149895023629
1.282543048891515
10.20726843005905
17.01844672789069
2.475801723000087
1.012197899386929
0.001097990831499243
0.1679741930541905
5.513818775390929
0.6820768711267629
17.62796421005476
35.41071627213614
37.27266727448969
5.428797514969463
7.232489615144116
4.617820495938403
11.57868309086107
13.18238271952643
3.594410721087932
3.420761559522006
8.53105770436366
27.7715687914666
1.273976605942566
4.275856534871695
21.10492792134052
3.757932257241447
9.476498344527172
1.076381979807162
0.7705575435501892
10.25992347237437
6.978421932962293
4.487235977021372
13.34438906786767
0.06942305581605439
9.448553350799262
7.629691077188993
3.490402637226438
14.99339780790307
12.99013178052619
19.03804205355294
11.54006709545642
7.743593932923277
3.446942250522554
32.24412692358913
10.53351823376861
4.209981029828295
10.1716167934487
2.083590378904228
0.9658242400703385
21.94065296235587
3.455866726404945
12.10232193469237
24.32518345267923
12.6112611486433
8.076546711234579
20.08981645232341
0.224880210832468
0.237434727520696
19.78101914868073
9.463877391200755
6.165532679004309
0.4302564312036702
6.492092864581958
1.697688206497685
0.3458926991258071
0.3458926991258071
22.2998389708758
24.07538010472624
6.735194911353533
2.595093606390803
6.111254877211552
0.849545092104242
18.07920953281516
1.745789117014412
2.496976933394
2.545413321771306
3.453248361173312
4.328018913905487
0.4946235938881844
5.887831854450328
1.379662681406422
1.457318983064922
2.188443013681152
2.269763614148313
1.452076261671493
1.856123846031398
5.3795595353815
5.135520738347067
1.235223674919269
3.916309847269852
1.602131392382922
7.509588848430335
8.835809564431683
4.88039182865157
1.370589925096367
0.7108173417335494
5.465999117362776
1.58085946042745
0.5167732701893357
0.01131819969861284
0.07841548305861393
1.605926588405395
1.972612565030391
   0
0.02535818012638127
0.1043431216369384
0.9602236886119246
2.811794708469775
0.04739259798373514
4.691324534200723
0.04551404566712047
0.4885592113810773
0.09142256396695891
0.5222294518513154
0.7037107281998899
0.03735681464016374
4.716417166186204
6.898075270391234
0.2489699301132876
0.0003344331838821794
0.001313612080177218
0.1628768538720987
0.02501004028290004
0.1957752682913547
0.1899392169724993
1.604206277644801
1.708724216308
3.018775049321985
0.8670540312351851
0.00260819416872945
0.002294672217951049
1.217420654509242
0.005592410202585872
0.01266390590991614
0.2929556551587055
0.002719491110363031
0.8791742225333328
1.489307271769992
0.08796496543929581
4.056510191695406
3.396352839717785
0.9755603189444083
0.084519991460834
0.0006299186208530072
0.384753458868186
2.300662415684706
7.485681694460895
1.381604006114816e-05
0.7121093151757496
0.3780774364267142
8.211634818089431
4.246396177662949
1.023061803630797
0.01651825278885313
1.028773606502978
5.280068036961197
0.04545504735030419
0.3066659634714773
7.465886287055499
1.663875256892728
5.011228485608539
10.46796073352494
0.7612485296603654
4.024240306146486
14.24413033644172
12.15296516647625
0.2177065193023202
0.1403526193388332
0.684873152394923
0.8777618030613739
0.004964996590865958
4.280802878103252
0.8180373532161772
3.507802501592782
7.049607500745338
0.6929174686828816
9.686863143554797
1.459164530068345
0.4615578070154768
2.04787463420885
0.1278370087790379
3.406478111886315
1.375946949074758
5.936060135587603
6.279861352962078
2.947199296871639
0.4814048614924227
5.965855179315849
5.441393157871062
3.121878582724362
5.437537086574965
22.95737480900113
1.995638021795679
13.35976207083381
4.199559741844775
12.64145945439688
14.21429633031788
2.876560689555305
1.006312158963228
3.367720248872409
3.736776726283712
0.4106538193684667
5.504048583738191
10.48966875736488
14.82982564589481
20.73176612223144
9.35190024937217
10.06720669552725
2.837618436251475
2.554251016751194
3.07623116672091
2.272702071938729
2.313312714739804
2.313312714739804
4.020591375870828
4.983025491797015
1.890222942880702
0.0005469758039423915
14.16084197068778
15.45342148860501
9.222075881125697
2.708011201620431
0.3010732100139129
1.695620459192089
14.27494368317228
20.91101375512054
1.777047697283781
10.89035415150907
36.58572440912062
10.73154104809791
