19.60530447963205
1.503897536125156
0.1314906057487514
0.2489134998217157
7.447691057105488
6.045668297487488
3.641649573819396
88.22777270965192
64.15722949789425
87.57761219261189
48.11932198708962
92.01954896921613
25.60877633079264
18.70561791901723
69.12276229213488
15.09221172569491
67.1854498436646
2.847123023429049
3.44165551609035
8.457212423294678
8.771545619606821
79.44808596168613
39.76074500125569
6.729448740588246
42.54275114137064
16.31133807499482
53.13111008963738
29.23930229053197
2.976821697090987
0.005474617238756328
0.03424314671410093
13.5317926493357
2.940690719041635
22.4326598195846
15.6830035010497
24.11826412970261
3.006593821350658
0.7451607905630407
8.02178416790801
43.36471715914814
17.88300326874824
0.1634188657268389
2.74623013560791
8.250912626548166
1.068377518703258
5.15828314942556
2.829256370352588
36.0362439002337
19.94066712757882
96.50997647223937
37.49438820699582
76.6219116324373
57.67662651115273
4.225347786093483
18.83444203997704
100.2788292174072
0.6436439343243896
14.11572345181744
21.12305205061654
16.19871707913199
32.01891993475132
47.326703684626
91.18199465072814
19.46392059255715
7.637669401075313
24.09769013066732
0.08527228002439421
3.802537522072361
18.22519204095037
15.36426060952089
33.76949547519088
14.44810080026352
3.836790565694615
0.04570611472389244
17.02586516092082
42.97768758996179
1.913552780836293
4.279341738094334
3.083933343827758
60.7113232120448
25.50196299701934
11.9514081139998
44.72360372853259
60.00790094496078
1.870726717385159
20.83877436380947
9.240362667761818
18.85061431470476
10.57245709712983
46.53588284594001
16.53796124230123
0.03766724655654741
4.299076638568526
49.25366597112013
24.83395534357452
28.57436308786399
0.3817344511766007
0.1740691871949151
7.552830471702079
0.2421660454763257
2.467425646599096
0.8252855217389843
17.16451302270367
35.06777880901606
50.61213726207552
10.69301843123523
62.89496574787012
13.06014947044839
0.2229942182567287
19.31700783691862
29.4905900536107
5.268557391153925
3.493831189088712
9.942198613217844
0.002890701345849926
0.0006439966540674188
0.1483606165385186
0.9739173139275494
0.0008857439538729528
1.730334303839971
15.54902088354625
17.53499174592569
65.15556939147115
106.6110867647418
13.26590775630923
45.82125654169677
20.34286389881069
15.00766117478063
93.26598993805423
63.75058673090486
23.92977736532894
21.17821189430867
24.97475904630033
48.1151344222073
44.73089617515819
21.74491540522838
48.81794030458158
4.574092947479459
53.98560175215182
8.843852803876867
6.695219886056299
27.19620529116349
23.2321184862622
6.745323136118685
28.02364232835526
9.248926978327454
38.94701702191203
31.14867990743021
12.87199383222802
0.9157545290958032
19.5455932458336
10.55702175592645
90.51162329538286
30.47841079617132
5.246050376949054
17.25018442378213
54.6445455933365
0.2423078846010515
18.6822547965602
17.57248951268781
31.79476548761636
23.2774572281087
15.5764144712513
20.5531725344318
7.034610417214097
11.30508599721429
27.75975199156743
66.06751464890488
78.47901199777324
11.07849115787952
37.80320466908024
2.559524063862971
11.30889232343873
30.85110890669994
9.46623337156529
0.9834356762237467
34.73404647854213
50.44650578629813
9.546873022668262
32.23400769764921
1.062175955701504
4.33093259896526
13.24140584477456
38.37239677466864
28.13632966205467
87.66836965197793
23.03874248795924
2.961142552608268
56.18216957468388
71.33989360565286
3.98947366161608
0.2951213639173645
4.017046176371793
52.32839513731764
11.18894735656487
66.89018605240157
49.87633058577251
12.86073518430936
1.728357875780698
8.84323775633424
28.1557989263398
93.05579005567857
119.5372402704877
1.865474135463683
120.3675216182763
20.76954858129955
34.64074179425332
135.0055596265692
50.30644923051873
23.90574007471304
69.0869253121589
107.5811056845283
4.883459882576474
11.07779131406735
74.96998681128507
70.1223249823425
0.04880473326649714
0.567568442492695
38.13516718704558
81.45279642999276
66.71909532973811
55.26209809172337
20.26223484328344
3.178324663083098
90.59218643206988
71.95179923978426
14.29925123579859
7.40607894984478
1.473810379218363
2.091469829603811
23.33571572236321
4.16779417035187
0.8806040719087578
3.633391312406182
6.610738222610982
2.366102683944945
3.122360823107222
0.3023314261942197
1.697460530908235
17.41505426976089
2.996593252836052
40.18429057521421
9.722993381660002
12.22683367565829
8.476736415942383
2.158592968682679
2.976841364098874
2.401902876242325
17.4876324553293
69.14340332672175
49.10527581183325
26.28004475118993
2.888217512445225
2.683010550437027
3.531259437066296
2.360801763408086
1.11261580462349
11.41927805908286
2.491855065778373
0.0386514834315268
7.711778475827942
64.75613539694491
20.28957443570311
17.22214460205974
7.271494024459502
9.321918858203901
4.082190894083566
0.155421334267229
0.2892066736997718
0.325312554352534
0.2594537572617966
0.1133246133500336
0.01669209495148869
3.515851788760243
7.163006265838304
12.72251530532524
0.3973455699553375
5.821158855050839
0.889188269869804
0.01616775778708832
1.137108344820017
0.3240392436654646
0.01476395263237583
0.07594872702626573
7.773551016778476e-06
4.127012132675661
1.166932151440708
9.458221453580792
11.30617034068999
2.419546311434122
0.4683209327372777
3.683990315953597
32.72701771495462
12.28251271717108
41.76895894405746
2.487832866409304
27.85832522135562
14.95976384575363
25.38557263724254
2.212442991524491
1.640750407743099
48.11475617240037
51.16566404258143
6.926131736552451
31.26036519343494
11.55898712710043
2.634648677635516
2.027344197783539
2.923200277969181
3.473278282554777
2.532410387418747
47.73180402532343
56.80058465587186
23.19087317798029
38.82744147718839
41.80031614759942
25.2075939668079
18.05962752440314
18.56285011668747
29.30657657634484
7.76643663740745
67.12170068359052
90.06986398076225
90.05925268869211
14.97584665674524
15.35972797946925
16.49996766519462
6.678641667926493
57.8847090519085
16.20808795535532
33.99464346299667
41.99292605076224
34.21292641917167
73.89607985793401
18.22011466380894
30.03184646151803
7.189841706380449
37.27880150448348
0.9014842624042597
5.752837099516102
56.2861845139517
94.45679866743842
48.69705263663414
24.13006363152239
83.5984382857983
29.46649460503604
7.836416472593856
68.65304934595557
75.857662938072
74.04575257111946
7.307812257356947
7.493797505535657
3.271736277705273
57.19152311536827
160.8657327123975
23.25840336780542
37.00826289322178
71.8866716857528
23.22926107706663
61.22004286050131
16.96232099965997
16.33942455020225
51.53562784407927
38.01005707890474
21.83012984816414
36.86360202060203
41.41565467524396
12.11495428035635
63.48041028547763
7.446119343356637
2.157242495340119
2.611965953491312
12.47544690574699
0.8629213047224423
10.94975572093113
46.05484798422476
26.7352903881533
30.50766406443837
11.80112441396063
14.64749321298839
5.915563972904454
25.62462256956806
19.56694960057829
50.9359988011467
11.13772293547968
42.50723712565161
10.34772592613179
154.0959333877876
59.94361312736329
44.6936023487748
80.73292813265839
99.65181189382065
5.935020647652149
1.181025247136265
2.898633838838304
63.15508359834359
49.25222714276856
41.59690947421021
3.931589250250709
4.453960579907717
0.4565156351250981
0.05189159021646252
1.822381536948804
45.28033435502236
15.30293542589645
108.3989666726869
11.20283228714784
40.57632865187147
33.82264590558492
51.34216144525151
33.82437478975383
37.45876382080739
37.46370103090293
20.55568632099178
81.58183942351539
24.19979929627128
36.98705068112039
12.37399624134782
51.14120416832792
32.18980307784742
86.2257974120547
46.05824315359524
4.404519759527885
2.964841161134085
41.91189020544147
66.55078311698928
25.23392495672374
39.647479070479
1.168374127375841
13.29039627293396
35.63635036009836
39.93953037500005
98.73756746405049
21.22111964425181
93.21101450770502
53.81710834858171
14.42574961602642
10.85665712211464
101.4113171637778
13.22098613281077
50.31550544447764
32.44837083218647
1.165145351532255
0.3957696920755374
30.21612376020786
58.90358829261274
82.49697498991544
93.24714785404308
58.26942914231304
13.89469957453869
15.97357695526515
0.1514866156162221
0.4243396922883425
12.60397701779112
24.27443554899919
31.96932595912031
3.289811247839584
36.51888962438787
34.63714364739677
11.99523136679629
11.99523136679629
35.57897904264441
54.2238934796219
83.48676070500167
50.66628026972824
60.31575957317914
6.671305568297761
112.4216438694337
35.64340367602123
67.01195307332588
8.085499593430054
24.01104697436929
74.83159745628669
2.918675563458714
23.69787097989406
5.663992937002756
58.56814318699914
42.90116542502737
34.26417230851106
3.613631614341442
20.01577188752561
100.6397509295421
15.43774536352573
26.43292767158288
17.67937306811849
42.73690727942429
73.37347487913752
55.8021421990257
105.4459128887719
3.809379264992052
1.281389003811974
3.627474175997708
2.52003557478996
7.208405718662338
1.301788238705547
1.489934195541533
4.508137910651353
43.41517150143535
0.8348073924474846
2.546385857239149
17.31289929237506
5.669526615868895
28.21643486765717
4.58584880230662
126.2630976954438
0.8900897855115038
0.599222486665637
1.705316594864809
3.148171691217945
7.627541534552403
5.201888083476864
13.90731204497516
27.25346653583124
11.54879546991388
13.81187363965801
0.04110314471258676
10.31071454263291
0.2781856696636745
0.004216258364412214
7.288356829718058
8.088845805150031
1.614740714051557
66.69033845555282
33.0585870792323
2.543781810013564
11.36413100480613
7.248671584945708
0.1741801091536185
0.8634655628763419
0.483030512583725
4.388342078719662
3.708443662786552
3.5991431031599
54.81353535425946
46.01825337591482
29.56968924692384
40.93843111532152
1.614375774615135
0.8239707631693947
3.805489028522931
89.34051842520377
10.82835982049522
0.2849133882480401
41.77050903185592
14.70989619088806
32.22285723087011
84.29518007739955
35.68035983147706
4.227604577211589
51.31240857074847
4.074865109819648
9.182899289162929
31.22369562342405
65.63322293036305
5.43020418028965
26.27583006426466
32.9557714112692
35.08705378577756
52.86573911339718
79.33299877585175
59.96502577208722
19.70220191097562
10.71820690066006
24.86213459374376
22.40559914461707
1.667499546149335
26.34220256147809
18.18139203958434
10.05081620514115
3.577898128158357
1.4539964448843
29.34918434998335
15.46469013708102
16.77548172097352
16.15568515015735
7.637776735306746
83.68404219407272
21.49106589466837
37.86823978368906
5.399264153245958
12.310614977542
57.93438828511337
67.57985435800576
11.1410799872375
44.56908163559546
40.78591101034631
62.3583464137664
56.42657301078393
56.08414390716893
29.344544165203
64.10098419675934
75.87545410092343
14.55366162926982
70.97067108093306
9.955426250364157
14.71754337014729
53.27160298468441
109.6122332995281
45.57712179537215
31.68726847768738
91.07217921188951
52.0749333270177
87.87659439765528
23.23307472213813
41.6339374137848
27.40598232938141
29.21622854106908
12.0974098889492
12.0974098889492
157.3968801259954
26.57807850429798
24.16995278986091
1.580955402048284
17.86230278214544
54.53693987520708
70.15022191691025
22.69683202028363
0.3520587077886656
28.0927404647821
45.73301915119212
81.8571455272178
16.06309725531485
60.39343723004917
99.58287365479114
15.37059975650546
