0.002221007879409057
0.02854569827482819
0.2426576483047089
0.03475738054784168
0.08239167962718405
0.05715655949597728
0.008278338314293391
0.01098938493746592
0.2731041515283831
0.03924716074154234
0.1474221288290929
1.669864816360314
0.3106282568861406
0.6195721282421768
0.6020963815646772
21.76904162934718
0.4073682037280619
0.005669267712987483
0.2747187491459418
1.041900422854749
11.24143107874303
0.01868852162661448
49.95350460775441
2.502099919765694
0.2232845491029885
54.08274539569921
30.24935599630462
43.9773054437638
8.879121518055669
8.091069476430535
0.7521343322103298
21.55010312060714
6.519075347168146
53.25044430278221
0.05670586348964898
0.006231080398010814
0.2951410879874587
2.850683767008642
1.085925653238772
30.09282695779466
0.6423103083435084
0.3877930460331393
38.48654077365132
1.476570469217553
16.32924519679288
3.473262951110984
12.72027648451486
6.846186990177562
2.568217038946476
0.0527639504747452
11.23703433643727
1.879053967879394
0.1786376307701313
3.622878850128647
9.663514607520851
0.008974549887121912
46.37360319368558
31.53250500578016
0.0461053546733784
1.969418694486507
0.6554630026658779
0.5521634088401752
47.68799530270868
19.05154048623944
76.55604272035058
0.1250293336691278
9.064229171871339
52.69605252222775
3.675490047339472
8.507759134533972
8.278464731569697
2.00219459507908
12.0333944912344
1.181580884856132
19.00372819204159
1.653714930953622
11.44781419339605
0.7729339330688316
3.202485748847326
14.42209886304643
3.241636186040625
0.0289328730383237
0.6823519513761038
7.9123158990198
6.473733788464528
0.4579858301000396
3.826792658289849
5.522117207851871
5.000454198513661
35.23917304290713
1.10813050388347
1.018716993103064
11.17636735254646
9.666268007278815
0.2157778910389515
5.835277085887805
1.692402033546696
1.324676996197199
1.440561855614088
1.911624217058831
0.4141616308870756
1.348177726178384
21.37721732828657
0.9010117236755869
2.918320163615053
0.2237508640941017
8.344862157305855
2.447622973300897
3.798790206784459
0.1897514166655593
0.7831351315108589
16.06508184023821
0.9127819057766066
0.158662733770056
44.26574074382587
0.1529386321026257
42.85704326899513
23.79745720411057
0.112842374015638
15.90881396220089
23.86452957068838
7.188415124256728
4.058568384587411
4.000706079664363
14.57348249150087
4.30410390188512
1.043279825833127
0.7364245250994943
2.446772627064746
6.032220238652005
23.70223650746396
0.0002036698372610528
0.1765458706808654
0.1785253340537466
0.009057585338674876
1.735299220459444
23.81904836120911
15.70311754987058
6.826927347789378
32.16423950813299
26.66754760478976
0.02170324587771436
0.2208389092963616
1.078258653938342
7.84093530025582
0.2359494076909926
11.68943793453897
1.603391056621274
1.795314332242333
4.042161661934982
35.03737857379652
1.223086989326985
27.55932061094873
7.342099024400593
51.3423699645769
67.53033459877088
8.758915128665183
4.816484498116642
1.099937109030565
52.25335036845631
1.678563947612702
2.47005559798586
13.87703670324566
0.7573463338499156
0.2757368320122476
1.17622743641645
5.270217978008106
13.60173915933282
65.1886428820377
0.2454179688536824
7.326648309884513
6.094189182352813
60.23786578572791
3.412672056456232
1.334066072189592
0.5353232288886003
0.04352966531618722
3.185355969207578
4.810938420172151
10.95385738562129
0.6298642209294206
0.1265243523685745
0.3809741334107546
38.15310186026669
43.64436516655199
0.006566893645590943
94.64382117959767
18.16586630048861
47.15496735946765
39.13459136084194
0.05021679853305885
30.16139340148311
3.773261211956971
0.3891944266524464
0.001664392431356302
0.05257999717229758
1.579393517767116
0.0819778717897845
9.651653525514403e-06
0.4634781225595198
0.07164808992577416
0.2045065657443572
0.04420041389174145
0.0005270842273130971
2.205877871254931
9.637126865359797
1.627022416948318
1.413106253538663
   0
0.2055903997397113
0.0004825412805371047
0.02040824559198351
3.157964978529154
50.01063636570419
38.00568606089845
0.6098625426746348
20.40779727102504
0.09140173000894848
0.9018890878479696
1.381607109930216
0.6414211285676692
0.08643836987583332
32.73080684070914
0.008060819580422153
11.03169274281583
14.70348370016311
0.6506785780297644
0.1128012938295392
0.4877723133600285
0.3016753326976216
1.195055563613894
0.5129319102446643
30.70741423818491
23.84933644750937
14.79215337349412
0.4653376631205688
0.001957416837292711
7.68042129306651
0.7368838658917672
15.91051721414304
0.02981417444903179
5.817442600503319
31.76689632387391
32.94986779080961
4.679006814624509
0.5221907799844421
2.893470945766961
18.85790439575898
24.10233914925849
46.57092804739867
0.2266577735419719
11.25248687189249
0.02720605112990466
0.164009019872131
19.49337358605408
8.868570245371247
0.5190789508323351
8.127605554781768
0.09220694806120001
0.7184353700585635
7.281829261279984
0.01150509098965259
0.3305468616058992
1.265801379448691
9.991417757314524
54.6179634353776
64.33876664825043
15.59152080063114
0.4414938211239491
1.174530549665945
0.383918256913827
1.834078062212747
1.557249022356837
8.805631706441159e-06
0.4274768542422521
0.08645115416331246
0.003032516683061534
0.2734669250293458
5.917830961394007
11.43837580470823
0.3003560854851628
0.1756543938318352
0.009527507877846073
   0
0.0002940618661089454
0.1321371085929028
0.09870012019735139
0.3793598699964535
0.3587192257868591
3.499062004312603
2.570528068972176
2.261110863036391
0.3195246222042085
0.1129813021024679
0.3243779336402989
5.455815039117984
0.7494271366169181
0.04603039191166022
0.1849692267041763
30.30570619798434
0.03543036631381893
1.278953781065328
18.59597035452065
2.192094625170811
6.662785681108757
0.0249327139569847
0.3568648372078821
4.565148853054329
0.01149242894624145
1.7737711352885
0.3662966979247014
9.462374068020102
2.490918104033211
0.003406722374892316
0.007008986616879691
0.004310948796460838
0.02104861670655035
0.06655698214186068
0.7910838837254998
90.44070356991035
0.331254105770008
8.688674108098089
8.701678102860393
0.002104505447172902
0.01953812523831168
0.01333882511167084
0.1221003734605952
12.01064578775972
0.2493590927128817
31.2945179704158
0.06694289932429205
2.149580309810759
0.1577613560586887
0.002148691405398315
2.279156115039907
15.16770569045806
5.917369730855882
0.6270285979803352
0.3011844480112548
125.9588115268064
58.5146597469912
10.41753687465066
18.98785267637712
0.06035234866913056
0.8015794871345869
12.3442858330522
21.08288804171676
17.48386187553605
3.737659166757418
0.007307072013531014
0.002567021895314472
0.4518584079825934
37.89554376776801
8.813174092017665
4.14640781417364
0.04444890008723318
12.41786663636235
28.25387192084111
0.01190694516780341
19.45088340400687
8.93083609265245
5.020036156023741
38.28293851704324
0.02337523876441775
34.12136863804561
0.1631252906129513
0.7296592651401025
29.94137010951796
43.76866398462493
0.2004387106737806
20.65762880229263
0.2116122587874155
7.074828095917137
27.21438013248645
1.024952508186313
0.8453910933273908
37.76815495045069
6.388331794738614
0.02638903252201338
7.616090316595308
0.6762638354129928
21.61284871020816
0.2529648274118906
22.03866171996044
18.15039839743568
19.70908534064474
25.50148173739456
2.319153970086492
0.5287971027302677
26.99921068991964
6.097900221633619
36.15692003560076
1.181419517275207
1.083027855984633
0.08870818100931965
0.7045243357343737
0.007570868110106888
0.2087841913933794
6.861509925178789
2.786817250060149
0.6460145266490231
4.935536950223289
5.607482754288333
7.567186118520039
30.34557005301114
57.91984343065278
21.83428821187155
4.3248856623327
1.022458090715921
1.903652015548514
18.84310680586156
16.15978018395507
3.104322334483231
2.107949934963982
0.1588424523095162
10.11270954892866
41.77456220393714
4.507778185479232
10.61950713852381
11.808072769273
0.7716708658865584
0.3607262211495439
1.669894020654423
0.8092086030332982
14.65157273597856
4.728928999547294
2.193565855084601
14.48073759422843
0.4745410243288629
72.57304411968155
0.7879347330636531
1.167633665810563
18.42869076436542
1.874346460513142
29.31203697760265
8.228096068487483
38.44760981060749
3.485092601028953
3.004523547705963
2.343103058241519
5.158289506460606
0.2658021851647616
2.630056735892338
0.8360183204877802
11.31110710349361
9.689702811057817
2.213741178609494
30.68915253284287
59.74880104525793
0.9299293184617066
2.925374451403762
0.1772038767076512
0.636352728470282
21.63192330661903
12.38629635074312
17.01854749827338
4.139387335776745
6.774841918374181
7.045131692062895
4.437562668963961
4.437562668963961
2.803581667085286
4.265811636413956
2.250514382611059
0.6910585483698725
0.02814532719308485
5.369516391736625
70.42248488166061
0.3845113044398304
2.995299670427726
0.3909221707041251
24.05823650005263
0.6482745755826419
2.017541970179717
3.194721932171343
0.8503294494825959
41.62426690151006
0.0001033151865055539
0.4773698664940955
57.98007348908934
0.07151829924204195
0.1635467991502154
0.3528352197314155
3.210905635395754
12.28007281525472
1.410931811242878
13.94852062707556
1.835757561934024
1.160217596705445
0.9426909505038296
2.464989383333767
25.60067017945658
0.006771458676693087
0.8995771582243396
0.7557251642859448
0.1392944368089589
2.175881576665063
1.233892000530769
0.1140788340511234
13.58492350306016
41.46560640230619
0.3496771604102927
2.436129524606263
12.72491118197099
0.4586490821446868
26.91331629215377
17.07420931516284
0.9177122698578276
38.53565866029059
5.738006763782957
0.1768850912689318
0.01364732302272574
0.1684098686125551
0.007183892031791027
1.103439811591536
44.49050361241819
2.733294071217311
0.09749321466328499
0.2449733485789541
0.9589018789572699
7.635066994964003
0.7815562053237542
0.1109462729254509
0.1033621236713495
0.01605909920104464
0.5075721970019799
0.6497257694516124
5.373322386691952
2.358967704420861
0.05329365507984298
0.02102225366745262
0.3358703684303889
31.20804914973073
0.0006367219925100092
1.341240945299578
65.22940686565261
4.106399114407054
1.057548566835845
0.2210600880308367
3.447149686484564
81.28060625679512
8.04629672349586
0.0384179878906218
0.002570292009317529
4.225134669349669
2.652461892355567
0.07748727001237508
0.003673850233537696
0.143205565609703
0.001089959182467848
1.574482453799785
2.86124279570152
0.1034008959056802
0.08989358372065548
23.0621448886964
17.82557283848981
0.6267863304523267
0.2747738974259972
1.208366466234339
2.402558209180389
1.214931513750136
0.004306143656482401
0.1383173453875213
   0
2.6590457532618
0.01941069197718077
24.14251767720938
10.23714203177898
1.212120080510416
0.6076822435814591
0.02913466839497088
1.147957888376413
7.272252625279958
9.428783493706012
0.1788565226618445
3.679601009737585
5.50148308302118
0.9873562595113953
11.83734772018652
0.3121763750473964
9.001119053766535
9.576075853678685
0.1040631629193821
11.23266823490826
0.36280502629385
21.28548088683203
41.27154054215916
0.1321040356460299
12.57173391092395
2.246310997429398
4.695828717769603
55.1547047659558
0.8799437918054354
2.125127228648874
1.552467380082764
1.797912600291782
58.53855457516517
156.339391658276
71.32442403799305
29.02256984425433
3.925323895472924
31.27237549214307
1.726718341228893
7.360548108123794
8.723878765026191
0.02748825433527748
8.391833085352189
0.1202521165179491
0.1202521165179491
2.769656733116395
24.35801388328167
1.923042726925542
1.257075019633221
58.56033821952796
9.16069061879244
0.9372075819354104
0.3316267462859446
1.583638290861361
0.006837000275475349
11.50247921044905
19.92242219497935
4.708851608945041
37.15642834032421
6.172334365248751
4.370604344550657
