19.3473972455424
8.225400269556397
0.8215852755604307
9.662290826864499
20.93318962273036
10.30492667502685
32.5464804287919
2.615421593643242
88.59667341713498
45.08172519279768
59.09555333907261
61.94898575437653
47.69031377304742
39.45081784247274
61.81478068226604
32.58731268388564
51.45679926902014
27.69538464984447
0.5763753600507509
16.66951610012677
14.53377736853144
52.23874268350722
60.65836320548922
4.697185706538527
13.68499222244791
5.175795846907664
83.76784278047795
11.17919464480159
0.4072837099975073
2.957426548925518e-05
0.07414003271847014
13.26950468330528
4.384611169701177
11.70882998692441
24.74981295055978
15.87810732250922
28.77822194736999
0.0008352809010679218
15.75957631283677
2.143402219703876
5.315002248386696
0.02951331994558462
2.220305000118988
6.638126613272071
0.001429642044063558
5.02378066115586
12.97530910953694
0.9898403306023285
7.455784831608369
49.978200714631
77.61083580733327
50.84253474693597
86.08853756262877
20.28670985000718
18.91588654203595
75.44630817845399
0.3900879372413195
1.190239418709875
20.35584400722376
7.380440183962848
9.811904682065924
45.51849762830206
25.99771894788903
83.84478286564344
24.4746991333821
36.84360115395676
0.02395728522188702
0.5980657688901783
14.15416655151214
57.35072015925841
64.38614638521551
18.31709405605506
3.402356139938113
0.02295899267112889
5.208173765685212
94.32860819063112
11.54722518642912
3.043323048306508
10.26917218300541
90.7674573220299
57.05499727775942
79.28971805851913
35.99451052576234
48.25960303286884
0.4735591769904191
35.66382309543176
6.785337783745732
11.07739010413154
33.52513222461297
3.279912646522169
49.25457909815652
0.06822788737652956
2.069001458558648
87.69464684881228
38.98976727659269
116.8282247128368
0.05666506295809385
2.36233452066611
6.937702034222919
0.0004719470040771501
7.527398740326255
0.03333496393551397
3.37245954743558
151.4287386555905
57.29951840035702
65.68568785397373
38.82524750475265
1.019304212894909
1.629425186574862
30.8513060620416
15.21474080553377
18.17743429390627
0.2128475210391575
3.33364659588726
3.120672492154361e-06
   0
1.657354287738713e-06
0.0001225920147501349
-3.045577672724384e-16
7.525974493394154
58.31018449110936
30.48489589902562
50.75508052167401
120.2162801060473
33.03179326384518
51.44786547976468
62.07992989958274
75.61259456847657
44.69078218912303
91.55602026809544
25.22474423659636
42.10919311321283
67.41663419525027
38.26017143582981
8.596767614516828
38.38496727371005
48.56396992131619
3.352571928155447
23.74518139258497
14.0249734983885
40.02837273200461
36.4485963575088
17.98156682239165
16.2895099413856
69.20670865068918
11.8993648607172
37.51105073619249
56.94825499039271
29.39451863952137
3.132039830847578
110.2723466734441
32.51518418884902
69.94837465084959
42.88847220789017
43.11717216145007
23.09154161332132
47.45519661734546
0.06166951193491894
49.81908513975301
20.02194672354716
94.42675489043842
41.44513471488875
59.31486456012847
51.25504639687159
27.0226215650788
16.40587724630435
34.94522404582941
45.06896277293961
75.0667635580833
33.50939485431122
57.0164635740974
24.44307039803928
26.34210598402435
41.82554378713228
1.320032196658007
2.035726028684392
11.65027880904729
17.11963185372917
33.82172197547573
47.13207379198663
22.46351743585402
6.112551381967473
20.17590841309136
16.5098871987194
14.305044569073
79.6647706456133
20.28990412485054
19.14544212126478
36.78098897606512
61.54800721206971
44.78526844310166
42.69254062148262
16.38385045790807
32.71775177451813
2.363233710143992
22.79168915618639
33.92304252066945
10.29972056224886
0.02351180188148228
0.6001980832609366
62.63019788953154
68.26124694130407
40.46966531394037
35.64464254751013
68.66858518113425
53.87968528993407
37.66412375364202
40.11752407027667
1.077359811212152
6.075276740292178
32.30193956582836
28.79818132678699
2.617314192315568
36.50639322293219
44.90366787728303
5.629292628616089
0.6870812475154126
2.009675431874311
77.34461058342265
94.04374872658991
69.06340235181351
84.9109639666957
58.16718818597323
24.33704923556287
34.47170351047633
29.79626200678136
41.9115923134199
25.34514113286816
32.56596955568732
18.27971490863462
66.09687402351969
25.61077255020241
2.409023945801116
7.769763087145394
8.673898602886508
5.544161466483326
1.610034940784309
0.01663496790159771
18.37087686300604
17.84738336092083
22.33600661086613
33.54990962840715
15.97384392289161
6.589430754925787
9.677558028286731
45.61346542232464
1.720295689886158
3.656480453411029
10.81494941714461
62.12988348218142
14.76740597646384
18.79412814739468
3.629946294548837
22.26873090990276
2.905527330477985
19.01995588209003
1.956306733310296
79.2713377532456
11.59886870911597
1.81583657594297
25.35723087519485
56.49370743352922
42.36269527743492
2.220196754196649
13.83509519640953
38.73262225855974
20.00663488403594
18.66438612199984
2.506024837113806
1.706856567132486
8.693763366122885
1.035732046672469
0.3245213147444795
1.962313509421179
1.841751640902271
34.90585759921733
2.033453240898974
28.89409707180232
6.547086038579156
1.654759303232801
12.07922797248533
1.125595940605942
0.2911808367104483
0.002663298375384441
1.405560960040318e-08
45.79466564535625
2.45189166517185
49.05361264435303
29.32814163431981
81.20143831744689
3.806017082505512
13.07757519292992
15.68402146891756
11.25318488958432
15.52810437189806
7.927870999334749
19.22608858924016
48.58369237022177
52.87969644118432
8.901656947284646
24.65952228136117
4.704805803316528
11.45664899078592
0.7099197677719592
10.11684421815925
7.049174242775174
18.75285331784274
21.65278418440335
30.95247917739336
5.918756443756381
5.13061708381017
26.1233290890312
30.54101897624337
47.53798512108498
29.37427235874375
12.11642851505172
58.84427728206569
45.43075295665651
100.1809854714879
33.41627318222174
26.61428155883584
35.1587649739137
38.17042476291407
45.60383781521058
27.9325823352044
4.240206413279662
23.50491933026811
11.31292317686233
49.3411618073375
37.14802429306654
6.956617834536599
7.242557562991049
43.11929051576357
85.63283886125099
28.40199142570497
21.04645624239561
2.215137900995436
68.19470726247431
0.4228299731530004
28.23513626520774
20.51375110319776
30.10845430685375
36.13793143895241
7.682825348445723
57.02093860473773
22.08209821969673
4.798184581727087
103.0608452728327
34.89561064049995
103.1278237507735
3.802505935792039
0.3864170266194309
31.84601344064529
48.66223586332568
38.7670408791523
76.67919777607509
30.5381349138571
53.63594913270774
55.53026740880996
31.11487629584395
56.8583582580067
51.94781002519125
4.98811278594074
5.874974443580771
54.97132711126228
21.30092472978065
83.56441352710696
4.178765099857227
23.03877413844615
24.06531591368186
0.5071159670005396
0.008722239039003973
6.775136452209716
0.01361671650455521
13.07508850711409
94.4376336521951
50.106250307656
35.82264590536624
8.576327165478364
6.201495662445171
54.53931719916876
51.22033157595625
15.53175393553699
47.99353068873798
3.393707616527976
69.850455155334
1.569598800702513
62.8544324761192
40.25222914587879
108.8488235511743
98.15969984922936
56.49539231849536
5.670619796460477
9.666751543372534
34.58017554532438
67.59792605137596
24.92004975937219
2.234397717342611
0.02275663766963201
0.02146628490156624
0.001400342149996809
6.926476144920802e-17
0.0009824566950320511
7.646370697442159
16.37551063095183
92.4903642886959
2.844881814820398
14.97648004295656
120.2121274246143
22.93268067328555
27.36040335061911
51.1434813453549
49.85026881004708
56.52194137394935
63.89568185281285
17.62840511398576
56.1477931266144
34.5526224050003
45.65822490521614
52.73846285962126
58.44571840464105
50.17215122028085
30.38610566553622
0.1350305395742218
23.14413321199067
77.2026295536071
57.30959623954397
28.0323066135414
5.323425906298507
44.24596670816783
42.28101539962424
16.00508128780079
73.28075928549063
34.87038459258453
103.4654753724695
112.4398231548633
62.28752467755696
19.95427930227126
61.53219159056136
33.13217458826653
44.64815151757863
97.17324817259203
0.05800238269391057
0.02805576210938212
54.17200038684341
44.41852010359913
141.0028034613242
66.49650307392264
63.93419584018389
16.0017660631466
24.00747021667205
0.08381296785190773
0.02006736734433934
7.490515374810628
43.86988448136922
61.48177082437519
27.27252635326517
45.12026171789577
26.45072227423495
28.7364654615575
28.7364654615575
79.50600062185477
21.79975805513877
73.09601984880665
22.47625563441951
32.96699696336138
6.926105804394505
53.17724789824983
12.47121667884678
42.17413216902572
25.94369697622496
28.25869751868644
47.29098932353993
17.71231952533832
33.78280669168665
34.59775167072274
48.14792747097009
45.73944574542065
17.3526651412541
30.28742697115853
23.58327828190313
18.98452335157918
3.534363071320899
45.81289085929134
3.819704096889533
12.25822623321549
7.387970933905557
6.263613809670309
18.31324286813575
34.30624455029105
3.333763932362856
48.05139413665623
41.54480203484625
12.48302933091794
4.664734546130783
5.820127832825082
48.8080086126474
14.09401336881822
1.402887523972153
36.41295019798588
39.13598331472821
26.66195268682005
21.096698886566
1.642234812086779
7.562325100328581
2.175960184618098
50.58938072817863
9.690744572432521
63.66906061908023
25.12996783449967
45.56774315992279
25.39511350389564
18.288504498871
8.662470090883804
2.31357638741376
47.87169441553085
2.561638501464932
3.299306837744793
0.01404830971048379
2.235210798589271
6.962086889131584
31.3074885539793
19.50546412371382
21.03171805431279
24.85797280254953
19.25875879421973
7.163600262453973
38.92903315321811
24.14130393522914
16.07025814494866
8.622228758736396
5.523089982065459
8.584556486930403
70.67843642753121
67.24027710545383
54.68898862077657
64.68129378177497
17.93970306893926
5.295897110862094
24.86565941757665
74.48735243101927
15.70355163601209
0.8377493698825793
12.44085827412295
12.26214816629442
25.03719816567956
12.6716239931511
33.81231564993734
21.3829592112222
16.87245426979686
46.64605106152771
11.343982402391
31.79891668667795
34.49722420717499
17.17821457220673
98.25690489008701
106.2038073808789
42.36692458122088
37.02317112783035
31.06401220539721
53.92673221518497
20.33394956545244
0.1667365288668477
21.9550197318724
8.469255864344104
4.50244439450005
25.70390188219731
20.42676416510326
52.86899314024406
44.42377268468849
9.330641180526262
40.6490588086315
48.51481762061471
53.25605739167293
56.84701911510159
38.90848495400579
38.94764173163621
63.8611981466961
16.61947492151317
8.36524532848987
17.23930500247892
10.20986293522105
42.66447782181609
45.48332204143441
114.8546847877618
81.75125415330622
69.67558133922259
46.95101930771591
5.524270914708319
14.08772130327683
71.62279044871073
71.33706907357502
52.05487043178439
70.39006356591206
22.41279423990729
30.13837256993164
30.09925619245411
36.75305617785352
19.47206434848125
26.3576037515891
24.87490421949911
14.46753356698575
6.668730967117259
44.50065628722096
8.014881955844704
14.00322665761593
102.9013818281826
11.41131399160989
11.41131399160989
56.80155943626875
36.49912231392471
29.42408130802745
0.00146989771594025
19.02914861511779
56.6833364663348
82.12154943657802
40.36544293292222
35.6526100814653
96.22003644877034
17.16460272393488
59.05609246144429
24.68075739653178
31.62494942470067
92.72499034839856
10.25430073278707
