0.005338167801292452
0.005778107765419904
0.1583834539339501
0.4768364676319821
11.00381420854474
8.205077625095383
0.186331993710479
0.06830567338509715
4.972020163251828
1.646195088732939
83.28028235403522
0.48598730950626
12.26378055568341
3.151508066399757
9.492959185516749
0.4677251986301977
0.01795883664950712
0.02547195186861092
0.08203809742637824
0.7151348057992035
0.07545839324190101
15.75563858406119
5.963191237982584
0.01278375857002025
4.644865350247097
8.301068032077101
54.31274114159978
4.166849171437969
0.6023373201980944
0.0002362978286853748
8.573454406835041e-05
6.912477009839206
9.874420592093484e-06
0.1566148831173258
0.3006473922675746
17.84600090376905
1.98532048213065
   0
0.1401240015772237
3.133691044557388
3.435316640445931
   0
   0
0.03297138216360653
0.0549245298697735
0.2321368802475978
0.613309763041191
13.65379616024226
4.768500821804741
1.34760924266911
6.09184961397585
3.028374671975268
7.829821559603035
0.02975492027958472
0.03591697583236031
3.316967701403321
0.0004049460654162231
3.269410143341935
0.4656399339231169
6.522698791370633
7.072126873421582
0.6498119808282652
0.6352280765934212
6.203137558424565
6.2128976089087
4.148983198383703
1.142707311099079
3.718685177026401
0.6087711008670291
2.332652261167692
1.146151087068549
2.715742494172602
10.07509334025075
0.09425900115791511
7.386273912372318
1.633013699843462
25.55583208587677
6.993843008917495
8.517301810062079
33.09737857767104
12.72903207604516
0.06479487410369789
1.914082785657879
1.845325087006352
4.268852464911053
2.417549307865217
4.021676509370531
0.9083747046704758
23.40481918586244
6.949863188130948
1.598137532842058
0.07571752556680136
8.360213884659659
3.226147910601839
4.636228968551449
5.892287731268844
7.716847530468642
0.2450326064333847
1.184540512432573
0.01455388872858482
5.306191065112282
1.141103473295936
1.45892958788953
12.59852093837998
5.940891923278488
2.73767096013611
2.391687675163955
0.1512000920547704
1.596038509114028
2.941975391782829
0.2093814527291118
9.453550667999513
7.432513658966394
3.031974563978206
0.01321547667139316
   0
0.0004884870589974611
0.0006958207938697207
0.0004784614345139109
0.02168723088137254
1.173402862852927
21.44030841433321
11.66488456858015
3.854866505662279
7.383953663036301
2.504426594276747
16.47217957225017
21.7035304461949
27.02431373750447
41.90655822793384
35.07252411293711
7.972003368138846
2.119753441905265
12.75665169198147
0.236248896221302
0.3321147127462996
7.1214652981537
0.3024800277613592
32.47030415149693
85.04500653093423
3.883870711807567
3.496363779077281
18.09248896365091
0.8626096043148084
0.3884825119218971
0.007754419906238882
26.61263172398938
0.2996779363697017
0.850916795949809
0.0009304276113358284
4.853542451186792
0.6070750400131433
4.296060704192819
5.448841575899265
1.983883872233425
1.336234158336719
1.351659176045376
0.01963132312478984
8.010166934603754
6.08800642556016
0.6483770653079658
4.224741085520294
4.351386851724912
3.050900322172867
6.137463437927343
4.396337903081059
1.098371891744716
26.4588589747435
5.439828931611389
1.019296767674411
68.62685204622987
0.4386033428636009
0.8047465651845658
3.906067728555597
3.380455796056186
0.05301800685911524
0.03254742912773714
9.520543323942933
3.521689765296918
0.4058858601399887
0.03340637860057052
0.2266623157286005
0.04901340712720408
29.27865341366113
3.219753942790396
0.4929945452044596
6.906779421779406
0.7051336659041175
23.67783489406307
16.28639599636735
6.959381330467401
8.94143974054918
0.0211877022059142
33.94630734590145
8.66110074139246
0.1304145379158005
26.18490185713036
2.124023586928273
3.214535091290375
12.05131884771851
1.216110148447049
1.599840457130499
4.912705896236462
4.258756405620587
1.576521312263394
7.877361869947602
2.798539097117573
10.81799488198664
3.255963765064821
2.022223569048473
2.703953760356328
11.24193898045809
0.9866973583351949
5.048745331291781
5.945050418769473
0.1623960973010565
0.900442454237721
29.56033245239659
2.499019234293719
13.82827416542266
35.55479370261607
0.01776510563924962
2.772290188026196
0.3017247000914733
13.73084992518502
0.4779438690271089
3.244843392443737
3.134570611714801
0.119452672539748
0.00391907441348353
0.04436187888923085
0.5393750110021626
0.008622417500654391
0.002240568524489902
0.02535072125215353
3.012149887514397
4.030244917683796
0.1411223527713446
0.2027423328195405
4.063279518646938
0.08469319241193674
0.08307948648041721
0.1363966349808875
6.4546872629915
8.625775691329528
0.002583898301289752
10.11737520911436
0.01225466419411691
3.254913040587468
2.442355796024371
0.9390939529409885
0.0198670542995602
0.07394202648351894
0.007477343123799531
0.0365705805167981
0.07997227194421279
0.01198132405282075
0.01426299553596003
0.01076377334130554
0.7823722983904278
0.009295207321363519
1.342988754389561
1.215130355029196
0.4965118653613178
1.838726328042807
2.158523170269587
0.02563598929707777
0.05337352190896337
0.107331549602212
0.05213417244239674
0.0008940067432028338
0.03585010287085087
0.02035784833787342
0.2263534271871265
0.05083409994458599
0.05434979654983858
0.0001816198187501043
0.9977315993587881
0.001594701837595252
0.01138978761354221
6.915828116621102e-06
0.001352880350817183
0.006536334742315186
0.003731550110133244
0.001298352783296777
2.202792455584672
0.03568199725955651
8.500114911737201
3.473079254559422
0.002551552993252702
0.5546847134738194
0.2565717806539813
1.258779882448596
1.842804843328582
1.006624088613042
0.01113284396142801
0.09410810518844945
0.3458994695246706
0.3630436176765243
2.692148440836698
0.006349070948474395
0.330784449457965
2.675575138810543
3.087799366365537
0.9730373899230012
0.002451341036855896
0.04279321856066267
0.521524250364762
0.9058368368874249
1.721869446392198
37.72182673727205
0.001521079641475048
0.02883467554838474
0.01292974930595166
0.2465844747038482
1.482159173557341
0.01149862152114999
0.1791657998198705
20.40215451307814
9.314373322470061
0.00272771445484789
13.4400142780048
0.8602874809373925
7.442604174023763
4.651800078653576
0.1191895394168166
14.83197739350427
3.13215448022928
9.194644830981581
0.5443627747335691
2.052721730976425
0.565168141340058
2.772901703748865
12.74566678115309
64.52044131334905
4.068294216090027
1.789806744614099
22.12281812255035
4.015685969097848
0.1415130173264958
6.021207715308037
15.19855545637693
3.485499184564103
0.02179921265631866
8.242442685612433
15.01106979188532
1.318671736034822
42.98412985524808
8.488065977700561
9.930294455623018
0.6702058267005895
1.099197143305638
0.002682624572046871
0.892061629992023
21.59490530067652
15.82862086448921
1.3208578197352
0.7550332637439321
0.02106421309645108
   0
0.08491622234255972
0.4720316531172963
8.070247016778435
0.3012934052702723
0.0237917332517459
1.663452571084518
0.5585293538977865
23.14053660513536
0.3855464514853949
1.965527991849831
0.04229227534190041
0.22825113483534
6.086315181587992
0.4346974950286427
7.670897979483991
6.98424842607789
7.709738339044977
29.83398606900712
0.6828623463441139
0.02130614458556806
0.2269553911379419
55.03189727026975
30.1045538839254
75.9663574261879
1.175754648089751
0.3500294161138757
10.63649327881363
1.886259086315841
1.202089712966992
15.9136104037369
55.13000378956295
10.38971986897869
2.868881982126043
0.3176344686905672
1.185582743634482
41.36485579613373
1.294480029180827
0.9312614359199147
0.1444829598148966
1.507787553553049
   0
0.008767000287494886
   0
12.20180280580458
9.0467849520627
11.54446198192644
3.722077321738389
13.76918463940978
57.22075324628776
9.132110171159352
5.55992697041143
36.8945090143392
75.60538865319089
1.717366595028479
23.88265274625339
0.8639166688386607
19.6707156635483
1.133315690958532
2.948850755735399
43.28636733914924
13.9479579857823
0.01118791321771113
0.798017274730215
0.4314289596267776
1.661480105486474
1.602303632668298
28.23291168996375
10.42792771943237
1.154963397980521
2.840405245564906
11.08786947994604
0.5351822446314755
58.54027457202035
1.852817813321421
28.97371691404004
69.61473516566898
3.705393012272156
1.66907103110814
0.4923018592331788
0.7972709871838297
1.404797946133521
1.138950993761691
1.179873708580958
0.3444992689600223
2.675602373469729
8.628085691892178
2.964743331361417
47.39348298799051
64.38160809704442
1.050571466766947
2.407512329765669
0.000435898300664634
3.930680850440371
1.118866023346809
3.424543760317138
29.02568524363583
20.83532891011793
1.375002124638867
14.01862357771114
0.5282302058597974
0.5282302058597974
0.4521649777392899
2.870085346499451
0.4543424908783736
0.1502515369308495
12.7409669483028
0.9203623724396855
52.63655942778024
0.4811176130098064
4.752274704067844
5.564258357547382
0.4956981633383698
4.58388878162424
0.06118723034161884
0.04758965647925966
3.855800702404e-05
2.525238826718659
0.3152941437566699
1.970972583398962
0.06385540615151025
7.033662946580324
2.746366113419959
11.52801496384929
24.11404190531774
0.631661987706767
12.40259422754995
4.176888955383677
2.700665503158834
3.838440952843766
3.089461363540194
0.2814563864144227
1.524891702488215
0.2452598629198901
0.1279808130256584
0.1706146693621746
0.1157738349225696
0.0283377541115902
0.03517853161116578
0.2024610029922692
0.2447684517623563
5.003072997533955
0.1773340178910544
13.68031734546185
0.1422516950138153
0.9982225067266013
2.600646150041605
0.02142900195806946
1.022032996259741
0.01678709761094054
0.02395505613410184
0.007807028041194237
0.4184808283062526
0.004252956616743898
13.63974302796524
0.5152200911559184
0.04052118532766531
0.02081589780710567
0.02001683047435309
0.004699867843909975
0.0006127110408970674
2.721918713369106
0.4392129701201833
0.1108438023789783
0.01128077353331473
1.451650595283288
0.06766649620648404
0.275128036895205
0.6905538763324428
0.436730600775328
0.06390553997849246
0.1035019458912487
0.4519485278461983
0.1048680945405539
0.1056357319549155
5.635985921008141
9.019668228247683
4.878503832117168
0.02924660527597364
0.02082100209069353
0.05254320989137701
0.3345618751472312
4.753299751282897
0.02060449489272836
1.622219116374333
8.938402782046069e-05
1.193391804012723
0.4740414423984999
0.804299700593549
0.0002230489534584635
0.1777261935531916
0.2493930813323972
0.02436127057665076
0.05190900266847748
6.389852597087144
2.788842420279729
0.2855726499995136
8.639606984465658
21.74103073549456
0.002569289397625178
0.008102558013222893
19.53805844266785
0.5624439152033334
0.08570194418589146
6.495103194557864
8.335102485128013
0.8533256801310551
20.93542699204814
0.748462766454098
0.03258606995637497
0.05510239098856885
2.365661492833374
0.6434295135754022
0.009756486938967933
7.125093431397818
0.0004165735575597375
0.1047559700626786
43.12326860527602
1.241102418254927
8.889480071125899
12.06952499897749
6.000469619999327
2.071163520703306
1.350218312952623
0.182386839337738
25.15507585848517
28.88762252176179
58.08482507848461
6.752316084686043
3.922078009471981
11.47968208751185
25.48352838821517
14.92368166278256
0.4465161758526633
0.6103659456043847
20.26546016745937
   0
0.004076271738464626
26.09565646658325
52.67676651721769
10.93678104265203
13.42152879545713
23.76476136671229
38.23413775859042
5.404055186685902
0.1021965033050991
0.1685632281306202
0.04003822975505481
18.24652429709686
18.24652429709686
38.16032871840348
21.6259896124927
2.267418862501393
0.0002537252813371513
6.803085853767958
14.1341098702753
15.97801236937612
9.074574984134605
0.6404260059191135
14.40574060954268
0.09438553057449783
36.75869171829768
2.969340441048829
0.4028058421853219
42.52461920102358
0.03986158780801357
