0.07825708256192671
0.03440211667397811
0.03490796069035809
1.706927329558597
0.1360292003359767
15.02661319749008
37.18911683788409
45.80529431830526
47.21194026193607
18.38744630489456
8.362281502698149
21.03054208320544
23.42454603103739
12.31568735526519
49.03493460377754
17.56905531701278
10.31551191114898
1.019489945536374
7.950965464237598
11.46784940400707
8.221202100068968
18.0555325294857
43.87891667000576
0.1290256338058128
4.930444542172792
17.97558634942774
44.2394170836676
9.304721321146024
0.4080033608210203
0.001045009758450696
0.01635586570822198
0.705341333911459
0.1190214786781754
26.61440883994182
35.49666105825255
3.683510762538307
0.9495523362879066
0.01439469893330869
11.11092959569697
25.55625713320349
14.44743368896096
0.03816375015998354
1.622830213049993
5.260274823621083
8.216547913536209
2.247063374885515
2.842035365509104
11.23460764969388
32.19622997926628
9.153045782671505
53.59236066838342
18.70645678608107
48.14419025836234
6.925884713709227
21.76654927072526
40.28026000336853
0.2622867315930788
54.38843645590857
13.23962231854003
4.285795225648449
0.907637159523135
45.66197711836997
21.97609686510496
51.66197922874926
7.890363322118302
4.864084896264604
5.84316610734281
0.8760577412711319
0.3556535087388593
25.95555538710665
5.797966016776214
23.8108570860998
24.35224460320126
20.21623363076348
17.3716787049476
45.34235538389309
3.803331359715472
5.417642491586762
13.59279045863411
45.36157339766746
30.78494043888498
24.56607825740006
29.95679893241579
22.03704413656409
3.902708058479196
6.375537953288624
19.15858902741677
9.467280642307625
16.00341675602318
20.20179758330952
45.82596122033245
10.91010165926801
40.37816061952801
11.57514585364532
16.36783879747552
30.27604229817267
18.65640799428505
2.842196900093573
14.73495141009494
1.063099304232346
3.466792531943834
0.09154141819065352
9.041096360639299
10.99304004550377
19.56580068643472
23.71816228346403
35.66886240951332
1.91811141370826
1.475484256874906
23.83231485742784
2.495442671708721
14.09503137067487
0.1042028317635333
9.456142486669513
2.675571362656665e-05
0.001702533065892928
0.005183982041740965
0.01431022744159216
0.008497332316516233
0.8602041603568551
36.53748391305322
6.750693245407694
33.38292414881042
29.51660162481402
19.72692074779464
26.49901192015516
14.26202800564665
34.05043437923319
72.75456212555949
21.3860474987626
7.630253086143477
2.45640908125749
3.085641511460662
15.32215260662245
20.79386744879842
39.72474418945256
28.08663130592893
8.530726648481028
17.33017259861071
36.00179924763574
6.685495688727625
7.422207588460275
15.58524527840124
12.45936462975613
3.801716804989909
32.18868439254172
21.56682233662153
26.74108307852369
2.176816616407295
1.745312028137976
6.199981554429197
6.911492499520022
44.7600708467366
16.02000272381653
40.47837141162137
38.95108555398281
46.73663618356042
0.1909931066247325
29.22631791221954
59.59062338316014
12.26792667498481
9.91030246429338
10.19542831185204
2.660188702000833
58.32369017440402
12.79569199029823
16.62467714161318
22.36584924124048
44.71108335838493
15.96528782346528
25.6571921563071
2.461884091264785
37.90212646243819
26.27593256432629
2.588175265276774
0.02431323770783278
33.00608582734257
61.25056263563214
7.976391578666726
2.929234032708726
3.516096403010462
39.67478361955576
4.264904020584249
31.21069532821816
8.533514261853599
35.09042325851225
18.91319127656318
36.41073110660211
31.05072190773527
27.06930134354078
38.78153605902652
0.4347170284415659
17.02425883526277
30.03986813643282
28.70891475387522
30.89641121138849
25.70802570669643
8.014384722032634
6.102553811048224
21.60265802147119
19.90898957276245
18.68869792705764
17.17536240927781
15.37426128371224
12.70793605382768
52.8908399931499
25.9564139820421
31.04026158122326
0.9764350219247434
17.96585714702853
46.73198895238959
36.59192978779028
10.78768952522131
9.328626799471474
11.52910685328913
1.147929935830254
0.4519069248350132
0.5709057659114523
10.01023493766391
33.81406309897673
51.36468591271461
22.77744296034117
23.09684571285567
1.01975254399768
43.4532548017472
22.1830287769819
37.18737729214532
2.427299476261244
0.6363047089357288
3.430107009694963
4.09916391342349
0.9110550315541802
1.716125411756907
0.4753225623945937
5.139347130204595
5.354402180270475
2.423059993281733
1.196571646842454
0.7675548604056123
4.408520264549836
0.7660862028611238
4.011339717296546
4.505619431815018
1.90344944600943
6.378999958589938
0.427583884496603
0.05711648839964274
0.4090289335482715
13.15545587025401
73.92033670240389
11.29270006453062
34.07732430025204
10.02322917312568
18.28561479819652
5.585184059419531
0.1523962310062232
9.395440306609684
4.762980271722359
12.69501378210019
0.34227705862603
19.13271340412629
41.49561879172679
2.042779670053639
3.578028607989015
15.75580167170687
9.163288296589975
0.04308148907305084
0.06246911053438609
0.1099294868846431
0.1209295545686273
0.04543297615321071
0.04929270205525794
0.04929461984519019
0.05387973983626004
0.2006531024654854
0.7793888065567168
0.08782525732436845
0.1697801126191319
1.669365205677088
0.04237314028863104
0.781695545130777
0.2518454670739771
0.03151515190924737
1.019209365793381
0.01792135800671817
20.47282193353648
0.07962182699426945
4.743544995806966
1.447037129044192
0.4451866597630834
2.030187374088219
9.759395732449102
22.92690024792128
14.52402367848872
27.57690678581606
0.7366797880714669
20.45287476653099
32.5946843786257
14.25418382799764
0.7551113444361778
13.85769566059374
25.40860542337815
11.49042566921258
2.61476832777667
44.77426830234653
20.52157110144683
1.365526666058484
2.960335117828032
0.7758029715743251
0.07156886930395406
0.7718785754412766
31.98249860910926
30.22748852220301
6.388582698863388
23.43195573966289
20.77718816827838
40.29099653841303
1.290224458244392
14.16995980947743
15.38511383831641
2.919106032704486
17.082218095418
49.52299227238946
22.57095834035827
30.80096758866744
14.85472836691394
33.69680282856389
26.43157458037499
28.71150171115204
32.16207304226527
22.06510700133442
22.05645363489415
6.010580691267755
34.01766463469605
28.3316208860463
23.94980429245611
5.88622485914553
24.11907225504964
15.20295239394829
34.2606054735974
27.36297075614785
42.07427684097644
37.81383673232293
43.35885536892148
59.47375473000139
16.85977493898563
17.20203707896397
75.47000630595689
42.32963108382454
23.56072239195993
5.509590062148831
45.11981386255248
9.115687133277246
25.59131247897662
24.87186521001844
30.00885306835192
20.48828796216988
39.17489969864764
14.28271059245642
28.03170981652067
21.81522797544508
8.809866187325191
29.82484068603469
46.82908606960297
50.46366936649568
23.02809912619679
28.62728855726871
5.405286105325022
34.50222010609119
25.74322962932893
0.8933233537346283
0.9618852560748095
20.64417711415462
5.626216769315532
0.6530850731329002
45.38059958639829
43.82758303608371
54.43302868778567
6.217069511048148
0.4348219631049459
20.39899364773978
21.15945509003239
33.47094809433646
66.21938743373309
5.021019853345703
44.02015891613483
10.35481872055672
40.88393162562583
25.53285143809824
54.79323533164573
77.1451849230983
48.28073536732008
9.618901404110765
9.575656586096617
15.45529165535018
18.92402101804912
7.436423930591029
3.517117117278074
1.389540990483848
0.6052050740304479
0.02437134908013268
0.005388601268563879
0.0658825563188366
2.559445177023944
12.84116338693681
60.26037981216927
11.91657219830825
43.05844020343577
7.117610300937706
30.50381684319568
52.63261401746582
19.76470962069191
15.9110339148565
5.164124495050574
22.21961775535444
21.39702030948682
56.58336100414862
3.721715662558383
19.38705080289607
50.09314386589214
14.77113529856393
19.34738818367673
9.732561725243642
2.982903953358624
57.2092299900489
19.86566016507278
30.71020731981202
7.077078856935762
0.6654515133214923
4.455762319520403
62.47821711963776
13.64553331594006
21.35966032877189
28.72508471063187
16.81290765562287
16.30135218209729
27.98885071514851
18.18391329259035
68.3005505101641
9.591510385815546
19.77286855203753
30.6604113727829
1.664272591042201
0.194095085331403
9.227637865055296
21.71785716070814
15.20466484010145
33.61316478136504
5.597601879882408
19.58591025167965
2.851063040214537
0.02322054274281927
0.03399860799470933
0.1665268013661867
39.71021179720333
43.9410278610691
1.452754099841188
12.18208811354728
21.5778053089949
24.2065037973925
24.2065037973925
33.45077883121807
18.56514727720447
32.01775643221654
33.87654781936571
59.24268854019218
9.555745475988983
49.78201077964127
9.025117898800016
12.64639240556019
20.87603363173122
25.33936160405976
10.1914747481072
4.828914330144654
5.756948233199736
10.63725579517526
14.3883203772029
39.85012023604423
14.3832485239875
7.524043180050578
18.43165955683468
16.45861641582686
10.76896769388167
41.62618129450743
5.709519189867068
24.85705546565704
12.29929521707654
22.96667278305605
71.40319223856075
6.589965491369436
0.09280485583183766
9.883508345938113
9.651183627014206
0.1680411778888122
0.4097305480932516
5.639746494459028
2.247670828371472
33.01537775474619
0.6853630281817329
18.97883768183048
4.9773879553776
1.089880161739456
24.44939587951588
18.22672372102759
30.58567416326766
7.810047622233629
13.65158490466157
0.179338468715951
16.25720360506483
0.5171732961207973
1.735503047879225
42.85289559700799
46.36120849092539
14.53058948187591
0.01886395464396558
0.1243572459118618
0.3251300984740884
0.2545661886404726
0.489494739220903
0.1262207119109066
7.101263988712246
3.771807865261148
36.81076190292577
35.44739407730778
2.298182878580746
0.1264473924058591
3.568837718731539
4.653745964044052
6.213107910831967
3.456652936155564
0.1905942553170692
1.9517062919497
24.42636751241687
25.28066050011267
10.07958890186354
18.79926839004629
23.39860315882098
20.60558715937415
0.09785711513122206
13.05559669818695
30.48619696904247
13.70977807580325
0.1331822432947215
1.356512465661644
6.289752506818031
39.8057201857233
61.7117547843777
38.78175499640101
47.4213331531837
0.2214965356703849
1.938085908816737
44.02175271859821
7.052621795073162
15.6082773896656
1.566297186666665
52.83764472958509
29.40130504668246
10.92969204714185
43.48272519219091
8.096306680314122
58.03603678934174
4.620292067566803
6.611200714507174
11.98085111374834
18.46121425078802
16.97294927034795
33.31147792363317
23.27842818928337
20.43338031469044
0.979320841499804
0.1676533307618418
0.5605217323548624
10.80248167723849
31.35353373159728
10.00371260296767
0.2312399930360823
11.26750527580809
7.283458651093816
15.71181675158637
20.37162698050723
6.00903214756789
34.18108057524147
56.63934806133479
9.592180224212328
9.229549816398027
29.08283406332954
48.24786393594687
12.90587754100212
46.32371302538621
11.58138270528775
28.22764185548765
35.08453482465494
2.647002843374529
13.40541530586823
19.34088004847339
6.875369565687245
6.005911327967617
35.10471609495907
20.86735662826474
47.35846346806421
31.97446552310825
16.02410290203422
29.05734132046188
21.32349377171344
14.04749375166414
55.6471172601691
41.49033272010988
12.89507119271401
12.89507119271401
28.76153428776138
33.93682922479493
0.9284841732503799
0.04700062504975959
6.00614503093732
8.981038192848477
57.58851343551493
16.59093550736209
28.8718398949991
32.0301708329129
53.1329793836988
50.94078266119382
13.66701271704877
38.11817061120615
37.62330033290665
15.66829805091735
