0.2783207483322429
1.477761229209728
4.525380536775727
0.6451869703787487
3.16724138091192
0.8373779963277836
0.2365387178012486
3.147824796407019
0.7040507579305841
6.332622546578859
14.37610713652645
22.49893397420757
7.517701873845903
8.25760907582989
28.64213530421625
21.16206629043666
16.05032968515593
0.1023996030711068
0.3054960326130985
0.7394972492191623
12.86758626366775
10.11986050701566
32.55314829374132
3.540322938258839
4.412094586306173
16.71799542200694
45.21869546731352
17.81027309310228
0.03812271481693097
   0
0.004154533341528802
20.37602385289392
0.0123340898154465
29.53266611878872
36.1764471535112
16.025212062458
84.20643972170818
0.0786642941848285
0.3611056118094486
89.87476919451896
3.340989784597183
5.885757084121814e-07
0.007521436764106649
0.129726169326467
0.5371887421947935
38.24496627352354
11.18623570920893
13.49974991111015
18.80551468164956
2.475575876455186
56.09240607051316
3.768463963091074
24.82760876988207
1.527426192753318
0.400134953258489
34.6780776407531
0.6920462651813009
0.2145410565953627
5.233785633748499
6.398301759765448
3.186112851364177
4.108359705395994
70.16185579978915
0.4290109388728091
4.205792109546641
1.324116753197879
32.9034456555908
3.193296367541163
1.063980581997586
9.229174604726119
7.771985866236307
1.569843942104653
43.38227789421114
0.1878778788292589
0.5754217883324042
5.771930745093035
0.5857132247090063
0.2216919913278815
14.72189170957079
20.84739601982066
16.9004419407057
1.20655087169586
14.06770438097622
0.07921293427370314
0.5805281037558863
6.647929420126151
4.783641551452571
12.65678784855693
1.042225544829571
19.65593501199364
0.9505557593611604
3.705302051699945
11.59048497624286
1.128224859617388
8.018326794567676
18.15055613447583
7.455681147540837
3.392003851833427
33.86424335031005
1.67682647168601
0.5275638534299215
1.295489122740103
19.62419331921364
2.198307078938955
17.12348674769492
0.9393743443784879
38.93391420934248
0.5841841022312045
0.01771017160538487
1.105926464440153
0.1374717558681727
11.08261716062734
8.273373036136249
35.23055858425982
0.03775718517324356
1.192639010417943e-08
2.628219852243916
5.448943387772894
0.05274185581875358
0.008529919115116842
31.60973024938302
3.056683069286441
23.91660592320204
14.83033994340322
18.7541718624873
2.406198648424183
16.06689054130316
2.874849337099159
72.82034323018569
17.48582386702454
63.48038275487191
2.791442005950871
6.413877905509715
6.460877612556938
24.11683290881215
26.9067754396617
51.08658086234155
10.36906962437668
28.11779448000781
2.725953598537682
1.883907858501945
23.5483550450839
16.56901056562075
2.583711624370044
0.2175152244008264
18.09148028145776
43.46712584903913
21.18457596684223
0.07794988515673869
0.1970971024399865
8.052843632875325
17.44767166663625
0.05294236492042356
12.09296651853866
0.8899231685795594
6.63718087176545
2.422301160980717
0.1122534069225519
20.03814189242572
22.51329111244306
0.2148649026039973
0.1607840528571581
7.733217953875445
13.61655354638455
34.1585682783568
1.789006520626661
0.7594933345892673
2.973265324157294
31.17887469182273
7.680378515641065
5.85896451858749
2.905487620047118
23.26880600836533
22.85780465314366
0.3681005209462476
0.006138210244069803
33.06068128878638
15.77232138671169
29.79967626932262
1.048113806421287
0.5708671036523403
37.06068792764632
1.215401239101328
22.25743078585145
2.74040953453915
34.89116621110388
34.76899295172974
73.64536804521791
30.68559215285998
7.045371500228809
7.667088033584617
0.7590982278763196
16.36040999759859
12.99522709908515
52.51560375228356
29.20590545104827
29.72769311697641
0.4336968841238337
2.961914463954396
27.50001215635882
37.57506524090724
13.69815688626744
79.6602156910337
2.645072769924219
1.821339308498636
7.975780535653256
24.2217956216992
40.53707935551985
16.11734994807818
9.105168155143062
37.92875390671843
6.385598727706112
18.75313742501201
13.99362162460643
12.03714395446315
0.672706864604164
1.661101428772406
18.67999197790698
15.87756138248596
25.10246495599128
25.93343450572118
10.37754085582545
6.869690292225499
0.5642473881481844
89.22238364151789
5.290862000149508
2.566592352707006
20.37130207848193
1.328421708368532
0.3696670252369482
0.08395595646431826
1.077486027845465
0.1333109678734649
0.01086917548988207
3.177145975284122
0.5350395704947963
1.788582485263896
1.229721959936692
8.297433944168093
1.042486561649061
0.09895319434149219
1.867251574416373
0.07735524301154338
0.145064228098197
4.696032469302777
0.09517971058568947
0.08466118528251679
3.826440041033971
0.05081125472666222
0.5469297996258041
6.144152262422313
6.710305755710545
0.03046491947488011
0.2251680104373139
3.623376364686763
0.2071066286658025
0.2072528278825647
0.05732397330617887
2.517348977872435
0.882992952377164
20.23884857063137
16.29594962063023
0.257615778682773
7.15184627899501
2.715031286473141
12.79180079738213
0.2722327564207776
14.53945914424291
0.4334461943624939
2.059966058302218
0.03908347339535824
0.211068457678326
0.01326694366833816
4.696741979317054
0.03688331395114813
1.688620078348846
0.7101106945962254
1.848502170334809
0.2767378957099563
0.2133871972181197
0.06643911720640759
1.968814297739758
0.001793982595699168
0.1701130715405282
-7.785634299686425e-25
1.318232453291886
2.052415162529282
2.353075361676685
0.6828139131806036
0.03032274929870835
1.565592226795667
6.620785299567499
6.723172994501735
1.415241701161468
23.29270953108539
8.591649911663461
23.7153643855668
5.946317009773264
1.522247204984492
36.34112848379166
5.855298370089189
2.078365830550609
2.357691242798072
15.54664353504454
0.9806302718590449
16.55295503089271
0.1415110669283094
1.124247946628601
0.1904346267124034
0.4159505741322013
13.25063954720451
1.690046856388177
2.530523572795495
0.7096031823617859
7.277724595345494
14.48643726212263
3.924006809236801
2.423312856039466
56.05000238248584
19.55098973187518
7.092121118901267
32.75843190498053
7.157080358656813
12.9152092748333
36.61647132381666
29.02674576706648
31.35195131738777
16.58046637061363
11.96025417391748
23.9567879726199
20.30507759232284
31.30688515935857
2.371814714865491
11.95694126153339
0.3184598763625791
60.10107311339507
7.316799516165406
50.73200735728443
2.1358652488453
5.663432924935563
42.49430590060731
49.95652959277888
9.283918157491375
3.650907271665007
20.59014314321517
57.39856058052385
2.333288940533973
50.59965483003544
36.04677328192325
39.57238416350958
8.918134924156591
16.73334215187014
4.005728887861227
0.01005773372017042
64.93272195825664
115.3629176094752
0.26017890972819
108.1778768924436
6.244485537399039
16.36107959527369
0.4964991930610445
23.99260815899391
20.46171990990115
44.38472808130083
64.29299122907069
0.8140293492858246
45.76395341155791
8.834311526942589
14.1770616034183
7.239234035199759
0.04215795536372943
0.2166926585726419
28.91103917907426
1.245544524871893
64.20135408049551
8.417331869134632
3.22350554835661
16.84886738230083
0.5481351336500989
12.9322064514766
34.12225617219766
47.21486289170586
12.50590285761266
76.13993054946478
6.550919723628883
2.116055527455963
35.48252767805401
29.85959005308273
47.32922954701526
25.86513908027992
64.38838552180874
51.55618200395917
17.90381297099264
3.493483691182031
78.7808157871915
64.52339566654581
0.4416203535684678
10.75527851778422
15.88275847480313
4.657659585524205
0.01328412582311464
0.02446149893282901
3.474003586799557
32.66999965512721
59.65391967816705
47.12904232342138
30.04841593569173
37.39092708133413
8.254235884367908
46.71037696667337
36.97163438423463
0.9667592098652853
10.39240341830849
5.721459220436472
1.027035746406016
1.487840147671399
15.43248968523075
29.74472049835378
4.282858470904617
3.503320269515539
31.7467381196516
0.9194488366298843
3.178328071515794
6.011659773518384
41.64408331117365
41.23283879920173
1.192702007791022
14.54572224082391
3.835845827357259
28.41340829250603
18.79679778705659
7.153596217265939
41.81525176208098
23.74153473999071
5.510583151221359
27.26100430343633
41.07704598342993
7.950941638894036
25.28764270687725
0.2857092044396984
0.8611778234572903
7.454336083710484
6.170408648693853
1.663259737256888
17.83481450073813
1.953011345031896
48.06013834707174
45.37890909478934
22.84464607479461
30.516365136989
1.652713274351198
0.05394435764237251
0.9020933513818963
1.570563181606643
32.91977377137323
10.00313966273284
1.533754652738281
14.60902972016253
15.08761478394707
7.526325692324711
7.526325692324711
15.30778860431843
46.73124603425507
10.02611817289357
32.35205895497707
44.96257679684923
0.01752041550075494
26.92033370403555
16.71467471369667
7.302214986857282
0.2456651421497826
2.078894776200945
36.08839157760023
10.95044210043956
3.995457040383203
11.06440509113092
1.981053934037505
28.93726650072242
13.69222259213999
78.96250832436354
3.610857517411103
11.26179764033315
35.80626733427564
14.5943293502927
63.74002749724643
24.82181379972183
18.05367514314276
22.29499039074351
35.87048367006911
11.20052587144018
3.877383124668674
36.64625935345326
1.583140487793765
0.3649674774225967
1.369530419362066
0.3289932699364832
20.22887237205432
10.75289808937505
4.272428522384671
1.418879618067737
47.11739405168062
0.6849918330414897
10.12441628903012
6.187030601443298
26.33993115598324
5.053137434718247
1.679750629345652
1.497884733763612
1.269014212480917
2.996400648708722
1.082619289601032
0.7973535454507742
8.633523971675313
7.180803265866277
1.01193977209782
1.854864929519159
0.003984251616485854
1.597505648319781
0.07381963356924322
5.295421870757296
2.582053947497592
0.1035485076273987
24.9539617063771
21.23982255551858
8.776187504010114
33.95346862732666
9.263273468700275
13.54852919534505
2.715588972291072
0.05911585639070818
0.0099206983246074
0.3241529000987249
0.1967220019239349
7.168952403949715
16.762943070733
12.07036426112667
9.498465390973131
22.79963986849367
0.8978766366439135
0.3128690780058255
2.144777159772385
29.74574987836858
9.996918028649995
4.066354733475797
0.4430479189705487
2.41619643945242
56.56936240650199
46.9691372953472
27.79594758164957
21.64254283208815
5.214587166201519
1.127319419119091
17.57339898131547
17.22953273536054
23.23285187918991
2.670094108492761
15.78071259447243
24.79126864688548
28.57822254125302
1.396377288335
34.96387921724536
2.730336770068834
59.23710832412755
4.211965522052536
34.55493865768246
25.49169029766317
5.394918565776535
24.831582659841
28.36182507542166
0.950316436355622
3.225068804450816
6.289358101798684
1.216366611095322
21.11295284174825
10.03600101504342
0.4698959452116523
32.84815048482854
1.551834445707485
25.96435214133151
0.1920931347950562
94.61734720175133
18.68700742080433
23.38127452518932
18.42928812026226
6.802503876779497
28.13061398600478
42.69941212034005
8.310799289551806
22.73491722816993
25.72820822646556
8.650058117190055
4.25840807679234
4.773539245199541
0.7812591391847822
49.81730824025728
23.36079997542023
29.3151524279251
28.13059978210465
8.39423093731715
11.07630931006384
74.65572352339967
11.48273474761048
41.65842366837989
7.941684393282373
9.744459769147275
68.4893099535809
50.18714860676045
0.4544087023063961
0.4544087023063961
44.15539246755778
21.5484483574333
0.2349249369816314
6.770481142930251
15.62636367840058
3.175069874132955
15.91032242256194
2.627243981470335
0.2979340707502167
23.82605224063533
10.71315732098713
80.19107961632896
24.53135766542768
25.34396173662336
9.065854697912192
21.38269779399274
