0.4284472336985978
0.4072565754669719
1.055983913311457
0.142373357742477
5.367697789270678
13.19569826320015
2.101298865280449
4.000995539103199
2.180734681326306
7.611218756043914
27.66908478950639
16.75291169133823
2.370770907381528
5.999113081196786
38.88341911320789
9.480212836319952
11.6558187175372
0.4866473170132327
4.010444791727604
3.477975832573677
6.891086986983738
22.14096681822337
32.90145900836298
3.056491325367683
21.25449286763121
7.161327433176924
31.99544775935651
22.97893805395887
5.370643774972081
3.168084118476737e-05
2.245851747318663e-05
0.1580767591777409
0.5456659648866224
16.26973410956422
23.74645366601223
4.967523618186054
3.237818653978415
0.02665277559403795
4.24452589178354
22.93000903342602
11.07774553157672
0.3680704676217185
6.879530233374639
2.820078570182243
1.921106437724482
0.2643621059323086
1.845004100694339
16.83437415018726
21.63993074812335
18.49903483294044
14.4402875790865
4.730630401972627
11.34757019394644
2.744253763661188
1.761202394237799
39.76578441008697
0.04686574673506282
7.785675563267699
19.3320329224557
8.611514109736376
6.639754688161495
5.675666350855994
1.831230673771007
19.08155808327653
1.49165282453338
10.49104651158487
3.167663513306604
21.27010732143762
56.19821938673601
6.406818677890938
14.09684808464301
6.550974802845659
7.095965882546547
0.2389436940730868
10.67413576997116
15.34125605446473
5.803961211072703
11.54798521401468
5.77544795925245
17.1073981006726
13.05591340942292
15.35256269613692
18.74685072609266
19.49803531377418
5.937372614918151
12.66708721048057
8.067500164975456
16.5945685870948
19.54757879805798
21.65763874362305
5.218937458971417
0.6049099941508304
6.432073694023017
24.17157070916386
8.093872586001506
21.30666809544938
1.659640201817162
1.943703124235647
2.674021818971593
1.764839078956333
8.24738969175098
5.582464113141649
4.989127340650932
21.36948890448197
11.55850160515521
12.71930759301827
17.05136693458787
15.22195953735
1.06425946935379
28.63580612845496
37.82939613921354
12.42197903681586
5.800273176620195
2.189676608504997
0.02570820813860102
0.08102354137328603
2.105370541622628
4.111651055027769
0.01115316693969648
1.49379099460866
6.468654547494608
41.08234607535691
29.56734978369432
42.8514188373597
10.79591331288285
23.5071597567892
10.53043126990566
21.21554148890484
13.53346205008289
17.42697106920862
4.927233463026217
24.42024341266183
11.89402385059571
24.77348461824359
2.557338243126925
12.37402102739784
12.49143726100638
4.277621539519487
5.34295737371993
2.730990519675913
0.8307348120978444
5.823163243989801
13.018398288865
1.151214550176776
4.915933798487869
9.354702947022693
5.2566095986932
8.038434313731717
22.45776763565264
0.006638663717246919
14.57981019477587
2.717030406567432
42.85560579209225
23.39416853576304
13.01455975007956
13.60096816771054
19.92333345056153
1.624228626529302
8.262660211462645
20.15221143937178
21.52763576903928
9.698706772255495
5.799370439074212
1.941732946321922
4.626824312935872
6.060518025406735
1.655648195672454
4.001991916901314
15.31137686547991
8.923471999683253
4.295336704182596
1.169747535923405
11.09995418050888
29.55740755468315
9.602761353681446
3.049390896968354
3.745253997747279
7.242139813852619
7.957932127728359
20.0336086792503
0.6649805181492848
2.730149623629473
4.94979290837105
2.807815480605103
24.83654632624274
20.66350530137431
39.90915611815888
5.454777647026862
10.03330463208894
2.42463862630277
9.85870331556265
6.47450671336465
4.431685114709689
20.90465559819749
9.076815187098331
14.58381019354937
22.1734348991689
12.73485774374359
0.3172320334681864
0.009295201320622044
25.70336379760672
14.59870458972736
11.2069313291492
0.1603835398422487
20.30212519455339
9.520774878532869
8.867906583912031
23.19055418741112
3.095380110185565
0.1622733353450731
22.51354352615483
26.40716642488402
4.608535950214561
14.94792219080662
13.17244878067854
0.4546669528736563
1.076888165998565
3.957201670367366
1.369058722168377
24.11147874536739
23.12774667812221
13.70572083146422
38.15187036850558
0.3415021139306929
2.801719476814655
15.0997824535136
31.65976610069306
2.334892245936671
0.1855396854531848
5.14914363234392
36.24335746928233
2.419521465141457
5.020689354743521
7.958126103101946
3.482555153266863
0.2575246253844851
1.835909306635705
0.008829982384464752
0.9239594419916541
5.768148564941168
1.577112599386385
20.80899816655115
10.92084418177054
4.497355292397555
0.05673238299626104
4.118128571029981
3.151179382025364
0.6762684691513833
8.976851228154242
49.23668205436753
20.45803058533485
15.60453303471726
6.950669778810327
28.25387968002338
0.8547587030543964
0.4131435204674205
0.7372879552941318
12.74519972852036
4.073910016647995
0.2293445117283476
2.986773860645178
11.74252404652401
12.49455452190908
19.33324487929243
27.558861197748
3.431605850363332
16.21270436043821
2.172117859851986
0.185021728628584
0.3868081181340776
0.4781259493635637
0.06049909391776329
0.0005062533667457517
0.04090800401626992
4.116186323039299
4.660230655024482
3.695894809701883
2.781210649695697
0.4800634821633664
0.1672001277680605
1.116411614306346
0.3069040537014623
0.005296683587412161
0.005874495560855309
0.001254520483722236
2.137943212127575
0.9294921962036081
4.534686200007686
2.176608044161604
4.495502167514212
0.4755842485083452
5.588584704846585
5.47708875272391
1.676227639332263
5.341631239140034
0.405288631317696
24.53282449466741
1.612937665828314
0.6657131196175685
1.397405774623659
3.420553337869767
1.885307597643256
7.949654930579821
6.124978080770927
19.33596272763169
9.125935444124572
1.197390243804403
0.5748693326448526
1.627035064173907
7.000543328933098
5.115098466392811
16.12602548286049
23.36365936982478
2.050172376636367
11.18637837586829
0.3965110414262695
27.0429567026152
5.044673063946182
16.52951341422001
23.7082057921564
0.4998774200667931
4.201057967814438
24.51244612565397
12.34487407954931
2.308074527922465
2.225738589546619
5.275816428360818
9.223473135876834
19.94943679993937
5.611978249484546
18.48397447604842
4.751395660250768
21.75366564247259
16.95341939620082
6.422971232573082
12.21407567321109
7.770453286315481
15.65215499499107
2.549825138191418
4.154713540611152
5.178928922331941
14.8902048443241
2.741851579240602
2.173617497853701
45.98820267552995
4.787102955460447
5.821600414685801
32.54793282222708
30.42554893263633
51.06047134863118
0.1448731044007219
1.920963253323255
0.3697301118192455
17.78780866770456
13.87014063000846
46.35244055084308
4.515039089471701
13.6443901045981
27.59867203608143
7.801666242557656
23.22751476434354
29.67405107460448
15.05860379630392
26.98382384230323
12.11471614634466
26.95771239900422
34.40689308762013
28.2723730377806
10.79319102913466
4.195699758674786
10.12859021573533
5.247281824853815
17.18773114992866
0.0840568013579954
10.34771234256642
52.41634357816605
57.7203417762887
23.14521678020617
2.561084216637036
1.362168976460541
1.295017365871741
2.556983842150762
6.194515781012003
36.82466914869478
6.478874890966178
20.69890506567862
14.06879945496365
18.78047908885183
29.36119739780202
12.31950584139563
16.72148775006092
14.95594664463391
4.689939162228959
1.000313147260852
2.910988461018236
7.824825473704617
2.889530220448771
4.856506385895392
13.52514798965128
4.732625873728538
0.0767730923194732
0.009409228303998351
0.1917065108242048
8.998441832446474
8.330997064610191
23.77812872191985
9.195964040048425
13.87874500395426
25.3060221960395
11.84817374069769
5.675124415297446
24.1933720348875
8.730550760361968
14.098062198917
19.20947361916435
2.613457373629306
19.75201842667918
4.337903487748582
8.976572034096232
24.58434351924857
7.325964010892233
8.975405132492448
1.375686805840953
1.268703150293899
3.325659049955564
11.58568619579362
8.485588911207511
11.84732130405998
1.065250674392514
2.594524605074103
9.010110950467618
4.034643461771834
40.58437515537943
11.95585615405747
29.41935100615835
14.29782169144987
16.31197350129674
1.674572608382034
22.60748715572817
2.35188416334815
10.6296746338959
11.90513645368731
18.75675630850244
0.6398859610433081
9.37592791146958
9.229853645972419
50.03612360507584
37.62113746020447
14.53212993834114
3.889937477951615
5.786003488768782
0.003477672209676783
14.7152876523706
5.811591403525519
5.747478274135058
34.26822247876013
5.999300657315982
13.68894558904481
3.778647030503888
10.27423120271445
10.27423120271445
23.58728162682691
19.39007561992701
31.26476768807117
8.537526587998251
14.8528103960702
3.146383984685047
19.79500755240008
5.886787135473924
4.272756774201611
1.012647335908252
12.08404604135984
37.9097097580953
0.8097750073813723
9.453916466185277
1.596014061184903
17.85736823093319
0.2041966941398838
5.222196763723686
5.378768191826573
29.68634676044424
3.737388381981807
5.210643819932883
16.12834038527873
8.361023695089816
12.06810253685019
8.045141628045689
19.06726049216732
18.71744486016465
1.939926551824417
6.344810562608727
7.338922496845915
2.949141445205203
10.64655566700207
2.038392881864002
1.327342098984224
0.7893138833311931
17.35029363006143
0.002831574619108937
0.4363417279820376
5.407584824933663
1.855243656454645
26.25354007646918
3.99976033817579
9.816442397789906
0.02369920589536476
2.496450919316627
0.09852816941864728
1.947627934083897
2.268448265760039
3.320223979097171
6.900881403285561
38.93638005003182
1.857448259326991
0.279458449658184
0.3266113268441663
7.092512496846746
0.4740613119336685
0.0008274140835967149
3.241204836555644
13.26221931803998
0.8000614059973081
11.35082281921868
15.46661631282667
0.5620982507804946
1.242486014850073
14.19730035698529
2.76649181454932
0.7450526353902382
0.07241716910803245
0.0715053837306048
2.014802312471058
12.86017084356149
8.897641802019628
4.211420940729832
15.2381784845095
9.091487713422769
2.232688437336525
0.7562379981477027
8.905554587296727
30.27047296794087
3.747152797011515
0.6509472864658542
7.124739307745982
1.517863740458623
24.74495226887335
18.98334821045624
18.41988585176662
0.7837898125628597
29.02278448613862
7.955707138620482
15.54592740593963
30.04008774869813
11.96699516920789
1.340034546329543
15.30291773652314
18.73608407202466
1.089366703543866
7.813032127763989
6.622147038584852
14.28572855542929
3.317541303051439
0.06809970508726269
8.694852728145879
26.61588732090433
3.309749173703242
25.72662842560313
10.50473325170233
25.69898493582761
3.214846824279412
4.316307854778474
12.00069241841557
20.91773475223523
10.01031286545579
4.929932341411996
24.27396484240249
1.286032580217768
0.7170537000418823
9.654011878640405
3.438831526579452
4.568308440829735
19.38802542373337
26.46242331968237
27.06827731520697
37.17293103866039
23.22211838796752
26.79755236083256
13.06509560049401
19.25554951834737
5.837952427902257
33.24445520878702
26.56447244006199
1.792224533572178
38.53634906087867
3.231688236373073
0.9217036987205195
1.573300247672
16.96801839166229
12.23242788112384
61.13446265873441
9.870875596360595
17.12271164858904
26.74559620178489
7.424194340474047
5.02680617322018
9.375247477090374
28.97677321047892
6.081337079706612
6.081337079706612
7.022273478545195
1.758595349259878
6.86433423544598
0.4915038735671067
0.8328200850597794
14.30942679357519
20.87559093647925
19.94610314205031
0.02110264181306493
17.1981045840593
25.43171860776084
19.90282166747454
5.097875317279695
24.02272577994295
30.99639608202792
6.137316384939368
