0.04580185800834379
0.09748909612840066
3.432971389965107e-05
0.1731231341715996
0.01935643450253884
0.01603321210849794
2.093297019328573
3.309566026278184
0.277361523358653
0.0009046784347074185
1.622091691286714
0.05490182960282822
0.8679309952613697
0.5022589037147601
1.30057596970808
10.77737460610295
3.766726623713874
0.1619931496983036
0.02937019680454345
19.38447041787851
5.644450970079868
0.6680162288351832
0.1195562439434959
0.1027109393899416
0.298169921308171
7.074617107004084
3.672390002826963
11.50068893031316
0.7895038366624931
41.04783807158611
0.1404459595704493
0.04651444314186369
0.3733934932410697
0.6588030845341661
0.3913015949436762
0.02430691782837031
0.106572405867738
13.26382026638061
1.099534280734522
89.38119345460092
0.4057087649948001
0.110804672394057
80.33711388015297
0.05760751715629864
6.13596182672336
20.76162130678295
2.487187024774251
34.07813645201261
1.400255171129138
0.6903946181757914
0.1110981184481035
2.495307225185176
87.70879105809151
4.950668038020539
0.4245255132550688
0.06795886313678452
23.60756857973116
1.790184795876467
0.4437074437336716
88.93349024148783
35.97671765229087
0.5167184855675246
4.049296965075542
0.7089609869050657
35.84905504496749
100.9870878306696
10.61808855691168
2.404437032390393
1.266702754218363
0.1332277610094546
4.412260430381004
87.91784341213207
16.323192190908
19.15867484280765
7.816421506590136
60.19235555271663
18.15457382920157
0.5464654351313337
11.8610477719336
13.45906744660865
17.29713050012752
1.196777239920656
2.290521897312531
6.117554355810698
1.347413036551398
7.241016221196809
6.456804854735873
12.76951309185399
2.288149220668351
0.8183902670315305
1.263607777646199
7.522823749621303
49.41651703471425
7.351987249015357
0.04784268054260831
6.276315228102724
0.8770520835512451
1.293636978273241
10.05657102620944
2.087375801125692
4.778324179577039
4.50622676734375
30.01677261865842
5.952861865906166
4.466529441185689
1.74356082124633
10.68658314197939
2.565728591719438
2.508757443939401
1.434843780727939
4.469820024730914
7.597925584027156
18.81192824543734
0.3049531219367622
0.06262828623195998
0.02681481863802973
17.2210096107987
15.53966011579401
7.85069413029922
1.347078097699609
4.369072933915088
0.350772177082859
5.017490920771482
6.802419133637394
16.85946586442913
50.03217494526648
66.2819224354452
13.43838282994591
1.219482795261785
30.59613210570929
2.730788106371582
11.32531959614029
0.3720011124808638
2.902611444998847
0.004090273395938612
0.2005887948459285
3.123194671204627
18.91736908723415
7.996614019361385
5.724848844505882
32.09097042188736
0.07762971136348075
10.99872492392503
17.9793089382039
5.689388882409375
17.19184395099489
0.791372425249381
36.29763524927402
8.08274669000151
0.3112279787891765
0.1772272064559456
6.778839097345351
0.1034485006569184
14.64282097836102
15.17793909096631
92.30162644192795
46.37460137484778
0.3100094010856531
8.531387441380639
150.194729497733
8.208833111661518
8.772106662760811
0.7243509607502157
0.06596415354345689
1.851054133006995
4.893094825664081
2.260255555960093
0.8107503796910522
33.26728521805077
7.804435518751503
51.33284964929452
1.691649683879462
56.85928256045793
75.6967391010952
8.648644292818569
0.06114853739390636
1.933304159845947
11.78927707650013
4.477069770729815
7.025610102793047
0.1743446583772396
4.776483615722577
0.00362084415758552
18.32176130144035
1.447012285867729
43.51519852263912
7.255221016503532
5.785160973144314
6.318714314453959
0.04049984340264008
0.01945037881332796
0.1645918323897881
0.00879080689576495
1.558584939345175
15.37735211901929
1.081638918051109
7.091114203926566
4.849776541440761
1.723671667436626
0.1673314999168925
26.56140485281024
8.331673170043082
3.960071693829371
2.279873647465775
8.653190263588973
1.01395928676852
25.31290395057391
0.8860770572237471
7.257592549567333
4.309073192842575e-05
5.389842421182349
23.69284660975419
33.91370323807153
61.4041194917775
0.898168957104266
0.1507001270009024
37.03449052722753
0.814684244864366
2.124256783421743
4.102693507932827
0.08403537807126757
7.58431421005826e-05
37.24307886540819
4.873698043015483
7.466700410512058
23.31811736876262
28.31608462364063
6.748499617563511
0.2296098786561076
1.070341299705638
0.2871075523536269
0.01880527259090018
2.796987180263776
0.001291041676159601
8.008040069079977
0.05423807745627478
0.04237381351254903
0.4017337184452348
1.309579477425546
0.03541689616978306
2.332936794989895
2.101128846508656
0.7336191147189167
2.877839009074512
0.06726908346217032
0.2343317045248217
0.09848908375614543
19.86530043492265
0.2187898926754177
0.1224625071366677
0.001112330433599619
0.3418579824942039
0.2180199987772785
0.7252774939436334
0.8983012791750811
0.6880227484944408
0.06786177180363737
0.01049370643614715
1.17393208360919
1.286037173951858
0.1429641513719572
0.00036244088955593
0.9507507133889764
13.27838333086227
11.11853728247825
5.577676579888918
0.007213782282068563
0.9591566052086822
1.112245758298862
3.693198760840403
0.009402975232404473
8.471917531587591
0.01292783918554417
0.004304698639717501
0.01670415522100417
0.09882160814251773
0.2382393940869357
0.02790987720538632
0.07379977805609579
0.01140835477218577
1.588605679143894
2.963820341726718
0.03657706795080271
0.005308878718564964
   0
0.001945990101245012
0.284086473722568
0.3654928033735277
0.0001930417050563913
0.03205825360961582
1.036227215502657
0.5663998610219911
0.3391273419072787
0.3304142300171006
0.6835111787625548
0.00129915476327685
1.266091892917988
0.002681425039081598
1.134894432337022
0.7938864108948886
1.38022896573166
0.9795879186431321
0.4312959508156666
0.01161402944884316
2.739815075168161
0.01030801430320086
0.001032623845881311
0.1046176518480014
0.01034142643464139
7.903721978581368
0.2764654096085102
0.05225855905322667
0.001184611804833583
0.5230609897442179
0.02539033506950755
0.07172659951576536
1.963428341530532e-06
0.05472660976373221
0.6203480394385159
4.288676558094097
0.6140263131740462
31.34168341642455
2.043939621800262
22.52226711296793
9.897382170003834
1.926092707878185
0.3666799863449554
14.15973675796739
8.974954899624604
15.89645363159363
1.764788436308172
3.082587224874061
1.884338018154336
3.180582348438274
44.72279848435389
0.3554459697363151
0.002552911568285043
0.62662478900702
0.0261100443766364
9.070308950269002
11.21394416214215
6.039369578953477
0.7788171604037131
0.2421427544622752
2.035666536993209
3.670622793439139
14.3899065183294
2.927175584815594
11.52252899826644
14.20151040712732
0.0008101893099473486
72.88534385009534
24.23029304135081
49.14723574732283
6.73214327902893
45.33096492033525
6.420057713453843
0.008653924694537447
6.299238674017277
0.441841596987021
0.007465997275741978
0.619379409144214
24.26746734685707
6.387563733671269
2.723643546632954
0.1931489035850702
13.24998885825893
43.78025768897762
1.316224253229004
49.44032493244684
3.263585359518193
0.04174027213753834
1.575377230894551
30.39917449961695
0.2949529998430359
1.107476562591464
9.590197807569538
2.85155931397934
3.369249758702047
0.2975954131731738
1.548397148055217
6.656911623895518
0.05756826688501668
4.898583596035574
5.946702003798729
50.09738498769528
10.80443088087151
0.621455421225359
2.112853552622905
7.958181686030128
16.82324961942097
0.4193882901359322
7.978440181713601
0.1002764716779227
5.388049292479081
0.1223598153304075
5.182461723573054
38.26237305225708
1.063473969660137
0.6965091544982219
0.02184511500316503
1.607197999842409
4.401225120654631
0.3664404577369029
3.025010222400875
80.15808271593659
15.52436854655086
2.709318805726313
20.34222327072933
6.26768843888532
1.282438973907632
0.05726297151524605
3.448773464321861
2.592081764058892
1.182442341721421
0.2875338373461751
74.84485416298101
0.6280465335421097
1.967912252193561
0.4057472086349118
0.8189603925100294
28.28469840285118
5.812060844743114
7.812195081890954
32.90763844050392
25.97167727015783
6.004885470853033
1.351213048773249
1.454972957710494
1.01085178983653
0.03525881514737337
3.170789715651758
9.56504378508388
6.973138738773407
36.87453125633397
0.805915932324386
7.185856871619135
4.644669123835117
10.52860183289995
7.903259163801192
0.5446437368883478
0.7446456289637042
15.68958139039668
5.950909492604232
6.614396645484945
0.1296858878130785
11.85087385527549
0.6309912553440606
0.1135309596720352
4.802664914956756
6.952716491730622
0.2198840759576796
0.03966919536610386
0.04553305136715266
0.8195132519355552
0.8311543172726106
19.03850061839022
3.417061316023057
0.1980254616712
4.952568865977168
4.952568865977168
32.37560839599509
8.844742397385211
0.6116805181658264
0.1215710746575085
1.877296434762462
0.1796459010286199
2.41943950065049
0.7896865444490013
3.511915924294702
6.384410218107803
11.25898694762061
3.740670240823867
4.011460462118836
130.1968286488561
0.6159837331613724
1.432142738428344
0.1178590243524363
1.009664723296949
43.42139801754627
0.2304426462643576
58.96126027046428
25.70829898518893
24.45172744431532
4.302344885049373
33.28957157482682
28.68198760684086
37.35002723517194
35.10811165354048
1.152076431497091
1.267697156616529e-05
20.44132813465886
0.1300803362162524
6.630839102534744
18.33789284453327
14.57702865160026
9.653933213453906
0.02973935465529426
0.02806285137976757
0.06984056205650598
1.282528143712609
8.640280498215338
6.059317988127928
4.016435019448129
16.7693017191303
1.311554005363938
0.0974180136141172
0.0359448531329576
0.01186939785099272
0.009480668708358019
5.212494735091851
0.8728846377459768
0.1671299456619882
0.1369911751632004
2.999287839594283
0.9343023901242744
3.700187575117476
15.87575630662733
0.4210482726458233
5.082675634461438
0.03247917130420726
2.09437970503577
0.276405147481752
0.7383361662460493
0.04032390156813444
0.5395182977403666
0.1996417537679276
0.1021757307636105
1.143078517105594
8.84962557447586
0.995459447357169
0.0199908665063364
0.2399661391066981
0.2822244971559685
0.03799575553634741
0.1997114598511862
0.4685114375470718
0.1720077193052976
0.3433462527290125
0.1562802680590276
1.311759995222292
1.921738837068117
35.13584848771591
0.03705185661902789
1.338079973419015
6.456474284794345
0.5030980829856216
0.0317891260013755
1.140054992002008
0.7427888495111183
0.2962339309707353
0.0830933173841356
22.15030239364718
0.6452373962840432
7.277833929474375
8.841102228967769
2.031657530043627
0.1648052695637412
5.129924155319752
0.203443003490997
0.1623604616362997
20.5395699553757
1.18656662043767
5.921431081525137
0.3853938283540091
4.322484229534724e-05
5.989168487204913
2.323516395848296
5.389720974856118
1.842574542034229
16.96016299544403
0.4028005651014442
0.04572396323047507
0.07134380384061879
0.00433432779976164
0.5703524902600851
3.925668548709617
0.2756323882289268
1.163672608381527
51.90570218491916
5.7435937036452
1.227777395602684
0.0488113349350754
18.36281803081007
5.067277464635372
4.807407100729031
0.8580295972438969
0.7596172872406066
67.83755364073028
17.7678072550206
0.3026924535684805
44.87720649681748
8.222929496599409
0.0001310378494874755
0.05686483364771235
17.74394776403204
29.92543383485153
0.05897785882703244
24.32483162366668
1.861014190341523
33.03050599017745
8.363661838119626
8.080652504521485
3.0097988669804
0.4181527287466492
16.89070113309037
42.39267051729874
44.35070477765282
44.35070477765282
1.005754417639441
43.29567763413895
0.3594773426873373
29.10414268805028
2.164563960656205
22.94535806527118
0.2646481934015388
0.7982261303091392
72.00265070116021
1.548019662191028
2.513581708677459
32.45048655152262
16.30768437441699
10.33923771240032
21.52336888556482
0.1834453514129606
