10.04400009987876
5.486400010704529
5.702400132940966
0.7344000030570896
6.868800046504475
11.87999962130561
16.20000006223563
15.55200023576617
11.92320002883207
15.33599984832108
11.34000022429973
15.20639980444685
14.75279988662805
14.04000035254285
25.27200006879866
18.92159956914838
18.64080031882622
7.019999901240226
8.251200185441121
14.47200002730824
6.069600090268068
14.16960039641708
22.09679977968335
15.05520046048332
19.93679979495937
21.66480026207864
29.78640002547763
15.70319954043953
9.072000242304057
11.83679990626842
10.51920010359026
2.721600012773706
11.40480008907616
18.79200038965791
27.64799945871346
24.40799977630377
11.03760008263635
16.20000029797666
13.39200013317168
18.14400040602777
20.30400011572056
2.375999939977191
17.77679941733368
11.0160000360338
12.41999996127561
11.72879996302072
6.285600143746706
18.3599999290891
22.05359945073724
33.99839925114065
17.75520003866404
17.58240064809797
19.6776005323045
5.011200124863535
11.57760014757514
21.53519990388304
5.184000065492
10.13039989338722
16.22159983380698
19.65600005351007
17.0639997752005
15.12000008951873
17.79839957443983
37.58400046499446
9.914400134584866
15.37919986294582
15.48719997808803
19.0296000771923
20.39040030213073
18.87839994742535
19.4616001448594
14.70960010774434
16.54559986491222
3.239999918150716
16.17839976024698
17.06400043331087
8.424000180093572
14.40719969104975
14.92560041660909
19.35359979397617
14.49360003462061
14.06159988837317
11.85839992831461
19.20240005711094
9.763199945882661
22.05359976505861
12.09599977300968
14.75280012236908
15.63839979353361
17.77680036029778
16.71839984483086
2.116800048679579
18.46799980849028
13.26240008929744
13.91040015150793
22.9824002366513
11.01600011461414
7.041600075535825
14.32079981896095
17.71200010261964
16.07040009694174
13.91040023008827
20.88719952735119
15.37920017726719
11.03760004334617
26.65440006530844
10.0872001145035
16.32959947746713
8.510400130762719
10.1520002936013
7.992000191006809
6.436800027950085
15.01200028869789
17.47440010076389
7.560000044759363
3.931199936050689
11.23199995199684
16.43759959260933
4.103999974904582
8.639999938895926
15.55199976428412
17.71200010261964
30.45599962351844
19.65600036783144
14.57999959238805
19.0079998341389
12.46320005448069
12.65760019887239
18.72719989623874
23.97599947289564
14.75280012236908
5.356799927540123
12.13919994479511
23.80319972871803
10.80000002675661
16.63199989416171
33.04800081532449
6.544800084157032
15.2279999689199
3.671999907237478
7.343999814474955
30.4344002448488
14.86079960886855
12.76560007090666
8.510399895021692
14.90400025213603
18.79200023249723
19.22400022158399
14.83919991587754
3.023999923607334
17.92800041148439
8.98559993802337
46.26719994703308
25.29360007611103
11.03760020050686
16.61039972968865
10.368000130984
3.15360000677174
19.87199973373208
14.68800017901231
7.127999898511916
21.96720020729117
15.33600000548176
17.27999987779185
18.89999987615738
15.0984001607867
9.439200091583189
21.85919985640794
45.79199947183952
16.95599961094558
26.7624001018703
7.149600055618066
18.70560004608706
26.54640002874658
15.50879967107903
15.16320002556313
8.208000185550191
25.70399990072474
7.732800103258342
11.42639993922785
5.572800032587111
6.458400182600599
23.09040054824436
20.08799988543615
6.911999982548878
10.49760009627789
20.73600041912869
11.38320027821464
13.86720029404387
11.51279981131665
8.186399863916449
4.881600002408959
14.03999988106079
28.51199990836903
4.060800058505265
6.566399944131263
9.719999990193173
13.54319994861726
0.820799983193865
1.771199970971793
23.30640034633689
41.90399972721934
6.479999836301431
6.95519991859328
19.82880042633042
33.69600072037429
19.24560007173568
31.1904008151032
9.050399999250658
3.974400029255776
28.94399974029511
19.26720055053011
8.942400041269138
24.45120026241057
22.09679962252267
3.607200081751216
3.196799982106313
1.792799968461622
17.58239998016506
13.37040012585931
23.28480033902451
7.23600001365412
13.24080047488678
7.128000055672601
16.1999998264946
19.41840013023466
7.322399885742925
6.825599874719046
3.952800061233575
5.270399851633556
8.553599909646437
5.745600019872654
6.263999998918734
9.504000074230134
6.91200006112922
7.992000191006809
10.79999988432974
1.447200011079985
3.239999996731058
9.568799939006567
3.024000002187677
8.855999854858965
6.696000145166181
7.127999898511916
7.77599988214206
9.071999770822003
9.007200033738627
1.879199987888569
6.134399876464158
38.75040023121983
27.5399994221516
11.79359990637749
4.08240011001908
6.026399879192468
4.687199858017266
5.40000002074521
5.615999936708249
11.44800006441073
9.806399862281978
1.295999967260286
7.668000042031053
10.84320021327585
12.83040025737137
9.460800020315219
9.07200000656303
8.424000022932887
6.307200033188565
3.585599995858502
2.267999962350586
2.548799919895828
1.511999961803667
1.576800042676041
1.360799969552318
2.15999994543381
3.023999923607334
4.255200045736274
7.905599975129007
9.763199965527747
3.823199987891712
1.511999961803667
4.319999890867621
4.557599892723374
1.23119998461334
0.8639999781735241
1.079999982539448
10.15200005786028
5.054400060907938
16.11360011156648
11.34000002784887
13.67280007107183
3.239999918150716
7.948799940641038
17.0640001189895
9.504000074230134
4.989599874443229
4.017599945655093
13.28399962512776
14.66640009311959
16.97759957896778
12.50639991194475
5.07600006822031
17.7120000240393
42.55199963226914
14.25599995418452
11.66399978392292
7.754399953410029
11.34000014571939
5.075999896325811
7.775999960722402
12.50639967620373
16.61040022081579
25.59599939268082
34.66799932066351
9.309600008418784
16.84800004586577
15.22800042075687
23.32800051080994
15.14160001825076
18.57600015937351
16.7831995524466
19.52640000963584
10.34639980935026
16.00559991784394
19.35360042261891
10.58399988978636
13.82400012225844
24.55919967032969
13.52160028509388
23.6304001417011
38.38320057839155
18.46799980849028
9.201599932566751
15.81120016635396
34.79759967885911
33.08428796008229
14.90832004928961
6.985439821028194
12.08044801605865
15.70492738464964
11.63376018230338
13.7082236178685
46.52639972046018
18.96911968788118
14.30784003459848
24.38726368127391
6.556032132357359
14.31129568372853
14.00889620999806
35.45855964330258
46.59379210788757
2.941056012207355
25.13462434289977
10.31702376640169
16.1870399635518
8.35920000099577
25.83792060613632
11.93615997035522
15.49584020103794
14.25168004560646
8.627903909655288
15.50447987392545
14.39424006384797
8.779967898908581
35.22355234090355
9.383039703243412
14.04000015609199
16.40217588865198
6.804864010518941
5.743871880986262
20.43791956384666
32.19004683937783
10.65311985130393
22.02076845605916
16.21814402751625
6.747840029129293
16.86528002028354
3.697920065314975
12.80620819889009
7.774271924972709
11.75731189723592
18.66671975003555
18.54662454861682
13.90176008571871
9.914400056004524
8.341055937489728
19.8935998196248
13.83177611860447
29.22048027394339
29.39760005101562
30.67631925805472
8.527680026600137
27.17712043086067
4.814207963681838
7.71897589584114
15.75158385385294
30.30652818270028
8.838720037601888
12.62563214404508
12.4623362600687
13.59072014777212
2.680127935673227
9.017568051785929
6.108480044986209
8.743680099723861
1.874879959905229
14.33376015338581
10.61337620776612
14.48841608944349
11.00908803055063
13.68575969827361
12.76991967897629
10.15632001217455
5.896800149639603
12.71375976211857
10.630655749992
5.790528007628382
10.26172815472819
11.09030413426808
17.60227200575173
27.86572727782186
11.01168008171953
7.54963209546986
9.554976085200906
0.3913920059858356
25.09315231000073
14.79254372170544
18.21571227628738
13.88016015698668
6.444576169178617
10.93996789713856
8.083584165433422
11.5603198784811
25.87507205607835
12.11328014032915
16.97500819573179
16.30800017737783
12.00095999229234
25.20115257248108
19.18771244818345
6.333120053750463
11.88172807451338
11.55686420970596
12.26188787820774
5.156352122139651
17.98588764213491
17.35603217384778
11.99059198406758
37.59696119232103
21.71664002817124
6.014303830306744
12.51763238251442
6.687360197247472
5.024160066386685
9.45215975807514
14.25599999347469
23.50080025498755
7.254143900354393
13.02480032318272
11.60006375284865
10.14681623055367
12.31199992471375
13.40928014687961
13.0766396963736
27.84844832494855
9.698400336492341
12.13315216591582
9.961919867782854
9.123840086976998
14.80463973130099
14.69923186377855
10.9728000999894
3.679776119679445
13.31337610026821
4.587839946179884
11.0540158697404
4.845312120960443
12.00527994660661
9.582623949972913
14.42707203095779
8.424863856635056
7.401887988089584
6.952608063875232
5.607359929854283
59.43628768727649
6.341759935367008
13.12415997963399
6.873120000818744
12.2394239064306
27.85449681105093
5.192640091991052
3.801600098449853
8.151840072241612
5.366304121707799
4.311359923303826
2.99462404273072
4.604255959202419
1.171583996256231
9.439199895132333
0.2419200077383721
2.633471947774524
8.265024053980596
4.415040044841589
43.23283260455355
3.534623965242645
5.636735992447939
6.112799869151786
6.24671990663046
2.595455996197416
3.663359998608939
12.12105597951449
7.607520170859061
22.0095363096334
11.18447982589714
13.99248006928246
2.69135995747547
0.8769599909101089
2.716415954637341
3.344543951970991
0.9849599759036209
2.344896003705799
6.200928037287667
5.01465608831495
13.00060810754076
11.8860479502473
8.315999829210343
6.492960249306634
4.731263902795035
3.034368010412436
1.360800028487574
3.365279968420509
2.778624043276068
1.952640036324738
8.897472123499028
8.121600156300701
20.74464048491791
9.351071962737478
20.81289623456541
7.917695989635831
1.105919993278803
1.814399985596538
11.00304017309099
12.47615999600384
5.489856131316628
11.08425617858302
14.26031998707913
9.812448014417896
14.94547236361541
12.41308777898666
9.106560073269065
13.6892159760464
6.891264123260044
6.579359964234754
8.110368117922917
25.04563194816001
5.792255995186224
11.92665607086383
9.919583863666048
9.187776039470918
15.83452799823135
8.318591733041101
7.495199846016476
5.279040042660199
5.299775948299157
4.541183969331541
2.590272057159382
6.118847923062276
19.61020845919847
12.03984005260281
12.59366408921778
6.956064086261904
8.406720127095468
8.46288000466302
12.39840003254358
22.17110409401357
19.30521583417431
15.32908776916884
9.263808021205477
23.09644734486938
14.29833621368743
11.74262413114775
6.004799989750609
20.10700784157962
9.757152108068112
10.39392017119098
11.52144027000759
31.17139191599563
28.85759939672425
11.7884159219102
29.67407995602116
14.73983970936388
29.85119973309338
10.38960013829637
13.17081619345117
9.125568147283047
7.368192069407087
11.24582375668979
12.01996802701615
26.40383925754577
22.12271950556897
11.97590362862684
60.95087954308838
11.74694404617185
5.074271850753576
10.73519986239262
6.106752204459553
3.778272089766688
8.188991993665695
0.4147200097577297
6.557759917632211
15.880320064025
22.65753574320115
9.950687907985412
2.901311983441701
8.555328048532829
27.63504014583305
25.99862369243056
17.62991955620237
8.862047977527254
41.96102485293522
16.82207969133742
17.91504015563987
14.45558427949436
7.231679941469338
17.03375988872722
7.453728225664236
