8.575199799088296
3.952799987564504
5.075999982273061
0.496800003656972
3.758399919297517
8.207999792648479
17.49599940085318
18.7920005468186
12.22559989546426
14.68800002185162
33.04800018668175
17.12879978731507
12.46319993661018
15.50879963178886
27.73440027376637
19.85040021754685
17.06400027615018
5.767200164700625
5.248800008848775
9.22319982200861
10.73519994097296
19.09440013841959
27.4752001860179
13.1111998220149
16.1999998264946
20.9952005854575
18.12240000581369
12.31199992471375
7.559999887598678
5.227199908222246
2.527200015720155
2.613600020413287
11.03759984689532
14.25600026850589
22.24799983086996
11.03759996476583
11.21040018042549
4.536000042571686
6.674399784242269
22.24800061667338
21.81599952746183
0.4319999890867621
6.739199845469557
19.33199994382448
14.45040025573689
6.415200128685683
7.581600189587334
14.90400033071637
20.5848002107814
10.1088002200413
22.98239992232993
10.71360012520017
22.78799977793824
15.16319971124176
9.09359993529506
61.97040164843202
4.708800150183379
11.40479969617445
6.847199901676504
12.31199961039238
10.49760004962081
17.45279977913015
16.5456002971041
34.56000038422644
17.25840014551068
15.94080013164785
11.77199968296918
8.445599912374746
14.92559986654669
19.43999998038635
25.09920001029968
13.67279971746029
30.36959975142963
3.239999918150716
10.75679986970499
16.19999966933392
9.136799900807091
7.905600083176978
22.24799983086996
26.26559946220368
27.38880047108978
16.00559999642428
10.5839999683667
23.17679998814128
10.97280019821483
34.79760062182322
9.936000377638265
17.62560023053084
14.57999996564467
16.52399993618019
24.8184003867209
5.356799848959781
14.60159991402179
35.87760114460252
29.50559930177405
17.30159988510422
5.184000026201829
4.967999874497764
9.676799818407744
6.479999993462116
9.612000110791996
5.356799927540123
8.424000022932887
19.54799954546615
21.79439983447082
24.79680022224784
33.26400025980547
12.42000003985595
7.905600279627834
3.887999980361201
10.80000019865111
3.153600046061911
4.62240005217609
15.05519975326024
4.320000048028305
   0
0.4319999890867621
3.866400130209513
   0
8.618399853003211
19.00799975555856
11.66400025540497
21.60000008298084
29.15999981341884
26.28720025531948
27.86399992473889
16.61040012259036
24.4728001911426
51.88319996232167
28.07999944780022
22.14000010862947
7.408799895347329
12.72240037797019
17.17200007697102
7.646399916848168
12.31199968897272
24.40800024778582
7.149600048251159
30.13199982815422
10.79999980574939
3.888000058941543
25.29359991895035
31.88160073477775
10.368000130984
5.767200012451212
12.31199992471375
20.3040001943009
21.8159998417832
13.06800033780746
4.536000121152028
15.33600000548176
15.50879994611023
27.06480004708283
34.99199927318841
33.93360032932833
12.89519988640677
14.16959976777434
0.6048000082955696
39.74399978178553
16.41599958529696
1.403999964531977
17.15040014823899
15.74640010512667
17.71199939539656
10.73519970523193
12.35519986075815
10.15199982211925
13.69439996051369
39.37679997179657
18.83520024712197
28.1879993272014
8.423999944352545
9.547199995540723
31.08240030705929
11.12399983685464
9.007199906045571
7.991999719524756
15.40080034174025
12.46319997590035
10.19520007248502
8.05679980039713
5.032799896434881
6.73920014014584
20.00160017050803
15.98399998911191
18.35999977192841
21.60000008298084
5.810400066366128
22.55040009040385
13.88880006561521
16.63199997274205
5.335199998808093
16.19999998365529
15.07680038921535
12.41999972553458
17.47440041508526
23.11199988762382
18.03600029088557
3.088800004479708
12.2255999740446
17.47439978644252
39.33360090013593
50.11199999134988
24.0623998164665
25.33680016931612
29.80799971846864
25.29359991895035
15.18480019003619
16.93439964292338
12.54959976940881
32.18399926554412
35.14320073882118
13.24080008198507
23.67359952768311
23.30639987485483
6.393600003502797
5.486399799519859
3.347999979268934
19.52640000963584
24.51599934138358
19.82880026916973
12.83039990375983
59.40000030677766
11.75040004891343
25.48800014192238
14.68799978611059
17.43119977181777
13.17600029578898
6.047999847214669
6.047999965085182
9.374399951775558
10.77840011275839
8.640000253217295
10.15200021502096
9.503999995649792
15.98399998911191
13.26240006965236
5.551199985984567
3.887999901780859
12.76560023543425
4.535999963991344
7.992000112426467
6.696000145166181
6.264000077499077
7.344000128796324
11.2319998734165
11.42639989993768
4.536000113785121
8.89919980072591
25.50960007065441
10.56239988247398
9.568800317174464
9.374400108936243
12.35520035188529
7.063200073025655
4.104000132065266
5.680799880065024
6.890399837720906
10.49760021414841
2.15999994543381
6.048000004375353
25.37999955529813
8.25120000372408
10.69199965131702
10.34640020225197
11.2319998734165
6.371999956900254
3.499199927318841
1.987199965515174
2.656799956457689
0.4319999890867621
0.8640000346531451
1.252799972280627
2.203200023905083
3.088799945544451
3.175199928136863
4.773600005137268
7.14959994511446
2.419200033182278
0.4319999890867621
3.024000002187677
8.143200242193416
0.4104000014194753
   0
0.04319999989093048
6.371999839029741
5.551200101399445
6.458399986149743
3.283200011355802
5.939999967813492
0.8639999781735241
6.609599958756007
17.92799962568097
16.63199981558137
11.40480018730159
3.693600064343627
24.06240060226992
9.158399871284928
16.52399970043916
4.557599892723374
8.531999902334064
6.695999988005497
18.79200007533655
8.424000258673914
20.08799957111478
15.16319955408107
8.272800266422564
4.687199850650359
4.752000194275752
11.68559971265495
12.52799999783747
12.24719997399006
8.294399900478311
7.775999960722402
27.64800048025791
18.70559973176569
20.51999987452291
12.31200008187443
18.25199989252724
22.03199975774623
9.741599997505546
30.58560029603541
32.63759989058599
25.66079988609999
16.1999998264946
12.74400038528256
19.48319968068972
19.3967999657616
26.13600036129355
50.06879997672513
19.56960000461549
17.23679994174745
26.11439996107947
54.02160147204995
24.00883175432682
29.58854399621487
4.514400048151401
18.89308794925455
13.96137608389836
8.315999979004118
18.09388807159849
36.72000080114231
10.29888012526499
20.45519973471528
30.97612699493766
7.080480121112487
10.32307217392372
13.37904044703464
29.07532808021642
71.03548713494092
0.8769599912170634
20.44742399375536
1.605312035826501
11.74175982596353
28.50767987547442
22.05359976505861
16.86095983022824
12.96431978898909
25.73251188067616
9.46166428620927
8.428320041093684
13.63392010223379
10.95292806949146
35.83699216942478
8.508671952586155
13.67711974360191
14.69491187017411
12.32928012504999
20.13465602067299
9.844416140458634
11.11536016396713
5.75424020353239
13.726368015341
12.09772781367064
5.996160061476985
25.5052805878222
18.2476796238916
15.64185591414571
9.631872136378661
4.009824057357037
18.47404845175333
16.69766402483219
22.75776033347938
24.97391905635595
7.667135952942772
13.95359969465062
11.93615973461419
23.85072064062115
15.59951981180348
16.1567998904502
32.10624055936933
54.13046337780543
3.970944006869104
14.28796775362571
30.67891115206294
55.40486365207471
6.213888081947516
8.601983879270847
3.260736042648205
2.491776021997794
0.1123199982430378
2.360447947285138
0.570240000524791
7.974719980848022
17.71200033836067
28.00656046019867
10.36713598296046
21.54038432054222
12.42950409650803
20.22796781966463
23.12755180173554
25.72559943655506
16.88688002759591
12.74400011025136
22.95561659848318
9.210239762614947
10.83455999032594
9.282816090308188
9.026208137220237
31.95590410614386
16.03411200921983
14.6413441223558
11.89295987715013
5.147712056350429
14.96707174228504
58.51958395214751
11.09807995380834
19.87199996947311
8.905247884104028
11.1775678498816
7.623935997253284
7.555680188670522
34.50729513424449
18.50688041886315
20.57270355289802
16.50240055751055
9.79775982227693
8.484479972685222
29.14876753930002
4.764959939348046
8.921664260560647
10.3498560085427
4.547231874676072
0.9970560220267544
16.57411211344879
13.78252810900449
17.52537611173466
14.44694405654445
17.76211227988824
18.50774448830634
7.245504109596368
0.3715200000442564
0.09503999926891993
9.322559910651762
35.19936022348702
34.10726382862777
10.24703975999728
5.927040026290342
8.830943962675519
13.29436779051321
13.67971215513535
10.71359994655268
7.469279825454578
25.93036786420271
16.82208031998016
22.12358373217285
11.57759999041446
18.17856011912227
17.22384013037299
30.86294332752004
24.1531198786106
2.875391982524889
19.96703990735114
1.697759926219078
9.768384028575383
7.022592065368372
37.72051117848605
7.611839968012646
15.41289594370028
10.74470376188401
13.31424042509752
16.57065563922515
13.1500797055196
30.86207988671958
1.874016029512404
13.36608017154504
15.89932771566964
13.30127991386689
14.01926433609333
8.596800074064959
4.021920039940596
13.68143998952291
7.648127869106247
4.682879968163434
4.914432087389287
4.014144021493848
1.598399988290566
19.3492799427986
0.1209600007996414
2.059775989937407
9.012384021275466
9.296640027605463
32.24966414272785
7.277472046553157
12.78892818518216
15.38352005914021
11.20780757366902
4.246560051774395
8.303040044847876
10.51574403209088
7.502112003749062
10.70927995970123
10.60992008715402
7.171199913136661
1.797119930756708
0.5123520037159324
0.418175997765502
2.433024083438795
1.079999992361991
0.4354559979674377
3.078431939775328
1.963871966654551
14.0512321551796
16.53868805096863
2.262815982794564
4.337280192498838
2.196288000925506
0.6220800220035017
0.5097600016597426
0.6825599815783789
0.7611839911533025
2.14272003639735
10.17878398824905
8.000639942474663
8.484479854814708
29.45030357223004
14.72255973494612
4.920479866268579
0.6868799816288629
0.6359039936796762
13.35744002717547
13.95446404557106
5.885568044959655
4.730399909476546
4.980959983004141
12.94617577950703
12.00700832123403
16.43327989982026
7.076159837743035
5.272128062961201
10.09756800485775
10.55808016390074
5.653152113518445
10.50883221323602
3.079295995712528
12.75264013675041
4.712255927006481
5.608224018942565
24.23347220756114
3.722112025570823
27.46396728325635
11.50934406887245
7.055424047212
3.894911978477467
10.66089625528548
8.404992052055604
26.02886360837147
22.83206425490789
12.07871979306674
8.002368251413827
5.192640131281223
8.260703967062
11.29075235221535
11.82384045096114
20.14416043093661
6.854975878377445
6.849792046159564
11.79705590052436
16.46611191972625
34.04419178841636
26.87040060991421
20.86992049589753
18.2329918970936
9.309599998596241
6.427295950425105
6.723647931357846
12.79152011848055
11.30112012469908
13.0248002053122
34.24032015027478
21.96288033155724
15.50879978894955
12.47183980594855
9.440064259251812
10.54943960023138
10.46044778624946
9.969696175687659
32.96160110039636
46.2542393572221
27.13651231024414
53.90495932660997
7.960031954462465
9.016703756424249
21.56543981982395
6.992351830194821
7.998047969886102
23.06793619645759
2.733695938877645
20.57615943776909
26.18784044170752
12.48134429479251
9.522143803769723
2.810592014611757
6.140448097357876
11.53007970715407
28.58198418980464
26.7857273836853
34.97904092291719
25.20115171791986
29.09951998153701
31.19039943994721
16.13952015177347
16.58966418472119
26.88335976563394
12.42259185528383
