0.2375999944888463
0.3455999942161725
0.2159999994546524
0.7560000201920047
6.587999990733806
   0
3.455999991274439
12.52799976209644
2.764800032309722
4.967999874497764
32.70239999110345
6.696000145166181
13.97519985912368
37.7784002754197
10.54079995374195
26.30880002689082
9.849599916196894
6.242399905659113
7.17119987384649
12.03119997944668
9.266400229535066
23.73840012915025
30.52080027409829
24.2784000467509
14.83920026948908
19.09439986338839
18.38159993640147
18.85680025443435
2.959199940960389
7.192799866425048
8.510400052182376
23.60879934858531
22.68000013427809
14.03999964531977
14.68799994327128
10.26000009442214
6.652799973380752
14.90399985923432
16.89119964794372
31.53600085352082
8.207999871228822
0.215999994543381
28.85759994678665
20.84399935556576
21.85920009214897
8.748000073683215
7.322400121483952
35.20799958205316
77.88960070211033
   0
8.207999949809164
4.903200009721331
14.70960009301052
3.348000033292919
2.332800035856053
18.12239937717095
13.43520053333123
25.61760050011799
8.747999779006932
33.47999994002748
24.27840003201709
55.72799874935299
3.175199869201606
14.90400048787706
16.43760004935757
10.19520022964571
13.84560012957081
6.717599965850241
40.84560070477892
14.94719999172958
23.28479954585418
9.02879979548743
19.22399943578057
9.288000001106411
17.02080053655664
28.51199959404767
8.359199843835086
9.180000121705234
22.13999971572775
54.3240007100394
14.94719987385906
6.695999988005497
7.279200178072642
29.52719970198814
5.292000141344033
13.88879982987419
14.03999988106079
5.810400159680285
11.98799973644782
44.12880097152083
16.69680030900054
10.77840025027399
41.70959950424731
11.51279981131665
13.21919998135854
35.33760064747185
19.65599950344767
12.65760057704028
16.78320029895985
9.503999759908766
31.10400110017508
15.37919984821201
14.81759990856517
26.00640063174069
13.47840016242117
3.607200003170874
30.67199896977399
16.26480000559241
7.646400074008852
14.25599979702383
8.208000028389506
11.88000001420733
21.40559954568744
15.89760050992481
1.987199965515174
7.192799999029376
11.23200003057718
15.87600015882344
13.39200013317168
6.307200092123821
9.503999995649792
17.92800009716302
29.1600001277402
20.30399995855987
1.166400001966394
49.46400008630008
6.56639986555092
19.24560030747671
38.23200005572289
24.62399969226681
24.84000023687258
11.81519979581935
18.70560004608706
19.48320054507349
5.853600184127572
9.720000147353858
31.96799911384005
18.36000024341047
14.42879981623264
22.89600020740181
22.03199991490692
20.51999979594257
27.28079996304587
8.639999860315584
11.81519991368987
8.639999860315584
23.11199973046314
15.98399998911191
30.931200098712
15.33599976974074
23.11200020194519
22.55040009040385
24.77520037209615
17.90639993268996
20.15279975021258
23.3064001891762
57.2832007688703
5.356800155914243
19.65599989634939
24.40800040494651
8.424000022932887
20.80080012674443
7.991999925798154
16.41599989961833
28.03679959033616
6.847200117772445
11.12399995472515
22.46399998257402
112.0823984179879
9.568800155102508
19.56960002426058
1.512000040384009
23.37119989679195
35.74799976486247
15.61680033628363
9.180000043124892
27.56159942946397
23.54399964096956
22.09680040832609
8.294399821897969
6.890399908934342
9.093599817424547
28.66319885943085
22.48559967556503
2.375999939977191
19.54800033126958
29.15999949909747
3.283199991710717
24.08400049171178
7.495200022822246
7.560000201920047
4.38479999138508
9.936000377638265
7.495199944241904
19.85039980500005
28.74960069602821
30.88799953402486
28.77119952463545
19.46160053039421
13.45679991936777
5.291999984183349
21.27600044477731
39.3119994783774
13.54320034151897
21.25439933734014
13.3920003689127
24.42959994077682
32.03280000016093
22.70160018088063
1.576799983740784
13.60800036345609
26.82720012380742
27.90719962504227
8.553599988226779
6.890399896656163
3.736800145270536
10.6704001154867
6.544800260962802
12.59279978403356
16.30800002021715
21.77279990573879
28.05839959764853
16.20000006223563
4.211999996732629
13.3920003689127
7.257600099546835
9.97920010740927
9.417600044980645
5.140799952641828
7.32239986609784
7.797600066260202
9.568800017586909
4.10399989632424
6.04800024011638
6.047999925795011
11.23200003057718
6.523200101401017
5.50799997872673
4.751999879954383
2.181600023959618
4.103999974904582
6.479999993462116
3.455999912694097
2.160000024014153
3.239999918150716
7.106399989424972
4.536000003281515
6.825599914009217
10.56240031466587
12.61439979134593
6.004799871880095
2.916000029472343
0.8423999954175088
2.116800009389408
5.507999939436559
5.83199993125163
1.015199975336145
11.12399991543498
4.903199931140989
6.263999998918734
1.295999967260286
0.9503999804110208
8.510399855731521
13.43520020673168
19.09439994196873
20.73599955474492
7.754400189151056
4.752000076405238
3.477600062433339
5.313599912915379
0.6479999836301431
1.468800025759265
0.1295999996727915
1.10159997266237
0.5615999936708249
5.702400044538081
1.015199999892502
13.24079996411456
2.700000010372605
0.215999994543381
6.264000234659761
4.341599976760335
0.1727999971080862
   0
3.455999937250454
3.477599978941726
4.903200088301674
8.186399942496791
2.829600054246839
3.283199918041646
0.4319999890867621
13.71600047859829
19.00800014846027
12.52800007641781
1.209599977300968
0.993599982757587
12.85200002894271
4.406399939762196
0.5399999863584526
9.288000236847438
6.782399860094301
5.399999863584526
18.57599968789145
5.615999936708249
1.511999961803667
3.693599993130192
4.147199910948984
5.140799994387635
7.344000050215982
13.82400012225844
4.8167999018915
2.483999937248882
   0
0.1944000068760943
1.295999967260286
2.203199960058555
0.215999994543381
7.365600057528354
17.7984004461905
26.87040060991421
8.424000022932887
8.618399774422869
16.8912002176512
4.319999890867621
4.535999963991344
5.983200061018579
4.536000113785121
57.19679908943363
10.47600001038518
30.71520049707033
12.44160028290935
9.374400030355901
10.0656001464813
11.62079988716869
32.23411183571443
21.0098881747399
4.484160021092976
6.5750399902754
11.05228780697871
12.96863962052157
18.31248019589111
16.82640004837594
0.6739200041920412
7.02518388570752
17.58067172340816
17.87356812274083
14.19206431601197
31.39343928546623
7.73020781143714
13.66934415918877
0.1339200046345468
20.67638483349583
19.5912007437073
15.29712022020249
3.486240025085863
27.03888028835308
7.551359743229114
9.024480433595272
15.43536013341509
21.5827199514024
16.37712007504888
12.72671970364172
17.04067165846936
13.06540812947787
22.88390417816117
3.792959963902831
11.14905622016522
22.97030405024998
22.4916483679408
16.29158380092122
5.829407958663069
8.795519990133016
23.01696036229259
8.960543940861498
11.27519984875107
14.94287968380377
20.64527972834185
17.1322564186994
0.004320000050483941
6.557759956922382
12.04761593107833
12.63686382881133
20.45951945328852
3.080159938690485
34.45459249030591
97.73567808733787
22.86489575053565
26.41679998487234
7.058879804390017
45.6019203278629
24.79161580558866
35.96745603717864
1.81439999541908
7.048511953325942
13.90953623922542
4.002911875068094
7.084799952644971
56.64383931871271
13.48531200521847
20.20896017784253
1.07136000515311
16.28294385944855
19.916063582059
8.886240242281929
9.676800054148771
35.37648091405572
41.26377739012241
17.57030375447357
25.17609552430713
9.949824039904342
13.47062416607514
20.72131202439778
2.966976079733286
2.669760035496438
15.88118373074394
3.006720024393417
21.99139210861176
10.08460822049528
26.89631986431777
18.68486379389651
13.0584961239947
13.42915236891713
13.85596786276437
0.08035199805362936
57.91132790182019
25.8880319288437
4.807296022045193
19.05119943621685
2.559168036168558
19.6482237035525
20.35929584526457
6.933600029151421
25.33766416017897
3.201120077005726
38.38406513896189
18.31679975730367
49.1184005322566
7.402752175403293
20.83967995131388
7.214400045631919
23.29344009049237
10.95811186241917
9.861696205734916
13.87929585180245
15.80687996893175
4.199039938566784
30.6123845235561
75.02111996873282
4.264704004162923
16.50499198003672
7.319808055581234
4.484160132210491
6.518879975192249
26.48592003970407
18.60192019958049
21.29932796233334
6.380640120914904
25.25903997011483
11.09030376101146
20.24092784467939
8.287488111091079
11.74608021738095
7.55568014938035
24.94713541818783
11.3054398825625
8.886240006540902
18.25459188476088
46.10735904425383
6.752159850839234
10.43020816559874
23.15087979077362
13.60800025786375
24.88060816103825
3.857759946549777
5.09587211345206
5.64364795864094
16.29504039301537
15.2254083302978
4.525631896831328
15.46387202834012
16.05657608597539
21.36758379056118
5.045759916538373
8.964000048581511
0.6117120002727461
15.05951991384791
23.88787193340249
22.5244797358755
13.01616045384435
12.78288000357861
2.151360017160187
7.572960123798111
4.691520072628919
10.61856027081376
4.084991822310258
2.693951926994487
8.011008323956048
5.249664048824343
3.468960075224459
4.532544010362471
3.243456031395908
7.542720001583803
8.722080092411488
2.682719977019588
20.02924787811935
12.65328024455812
5.887295975117013
3.048191982088611
4.702751983313647
5.033664044458419
8.289215994591359
2.252448065121371
5.676480043621268
11.77200021338649
4.250880032486748
0.4605120058727152
0.6428160089853918
4.759775922036624
2.829600054246839
12.45628819510785
17.53660775721073
2.594591985689476
12.82262430031551
8.321183931548148
2.81318399211159
3.028319976147031
1.200960039204801
3.742848022375256
0.96768000148586
0.1036799987559789
0.5209919853996325
2.26368001785886
11.6951038085972
1.382400038869491
5.554655912601447
21.80131207569502
11.59401581680868
4.427136093727313
2.548799991109263
0.238464001927241
8.121600156300701
14.63702393230051
1.883520001138095
4.955040027823543
13.76351987782982
10.85702398850117
10.13644814374857
3.152735937328544
0.7205760215583723
0.143423995905323
1.640736034460133
1.801440004783217
6.701184011762962
6.535295958747156
20.25215989779099
2.865023949743772
15.1044483325677
14.55926424387144
21.8695675896015
23.05324748740532
16.41686428338289
12.75091184070334
2.535840096243192
1.783296026917469
10.60732777814337
6.170688160636928
14.51347206020728
12.92112043738598
10.6963197235018
3.989951963012572
11.77200005622581
9.047807869501412
16.91020817379467
8.132831949114916
14.04259248229209
4.831488021591213
7.839072079514153
8.273664119769819
12.90729622996878
20.01455995487049
11.29679969890276
0.6721920200106979
4.034879964274296
8.69183990143938
9.808991874160711
25.31174349132925
4.961952134908643
3.847391944771061
82.47312076273374
11.02896011998382
21.05568002443761
36.41327940858901
15.76972813345492
15.8906878070411
15.69628784927772
20.77142428024672
16.89379175804788
29.21616051607998
43.37712057167664
22.65062460210174
68.11343876179308
1.304639988848066
22.40611176966922
31.87296047253767
8.775647827030753
3.957984163571382
8.093088143505156
4.555872107448522
28.58112012036145
22.22207947634161
15.03532775345775
5.721408092153979
14.87203190263244
13.18896037482773
10.57535994831369
9.510911863617366
1.531871965289611
29.5807689944013
20.70921568083577
21.61295963160228
38.15856051805895
13.57775980782208
23.7945596629288
35.73936024913564
14.68195192865096
