0.7991999881596712
0.5831999960719259
0.2159999994546524
0.2376000067670248
1.317599994217744
0.4319999890867621
2.591999934520572
5.184000104782172
1.943999950890429
0.6479999836301431
14.51520012051333
10.69199983303406
7.214400293651124
7.34399997163564
14.73119956499431
7.171199898402847
5.162400195695227
10.15199988105451
7.171200298671465
15.81119993061293
18.53279983042739
2.419199974247022
15.91919988859445
7.192799989206833
13.71599984995555
17.23679978458676
9.309599949483527
11.21039978752378
6.242399873735849
4.708800022490323
8.40240028082917
16.93440015369561
9.007200141786598
7.127999819931574
4.967999953078106
9.115200256928802
4.341600126554113
8.207999949809164
3.931199994985946
16.20000014081597
12.74399983522017
0.6479999836301431
41.77440031198785
14.4071997696301
5.291999944893178
1.123199977519107
17.28000011353288
27.43199985707179
3.887999972994294
0.9503999779553851
7.689600088633597
11.85839961399324
3.542400079459185
1.404000003822148
5.745600137743168
6.955200193624478
20.28239938645129
6.436799978837371
7.063199869207892
12.31200055335648
16.4591999780896
9.179999925254378
0.755999985813105
17.06400043331087
11.96640004345682
15.44400025813957
12.9384000581922
20.28239985302207
4.492800047592027
11.2319998734165
6.609600135561777
9.525599909648008
1.55520004027494
2.591999934520572
16.69680007325951
7.991999876685441
5.615999985820963
17.25839924183674
21.83759969193488
15.50879987735243
1.533600040329475
7.365600293269381
10.3463999566884
26.13599973265082
23.28480065334588
10.86480024023331
7.127999819931574
7.019999989643111
14.81760028673307
29.07360055032768
0.4535999890322273
14.86080015893094
21.29760013776831
16.67520052269538
7.991999955265783
12.83039986446965
0.8639999781735241
17.40959992166609
16.97759977541864
9.935999984736554
32.55120048997924
16.63199981558137
17.94960045808693
17.84159998933319
5.356799848959781
6.782400068823335
11.81519991368987
19.20239989995025
3.369599883444607
9.720000147353858
4.967999953078106
5.896800102982525
11.49119996116497
10.36799973808229
10.82160036312416
16.95600047532935
14.25600026850589
14.45040029502707
7.77599988214206
14.04000011680182
8.42399978719186
13.82399957219604
14.90399985923432
18.57600055227522
4.104000132065266
7.344000050215982
2.85120002226904
20.56320051779039
20.08799949253444
34.56000069854781
11.8583999209477
0.6048000082955696
8.078399827354588
8.44559971592389
5.875199945876375
5.184000026201829
21.38400032417849
10.38959973802775
1.511999961803667
7.127999819931574
13.60800036345609
3.758399936486967
2.419200062649907
8.207999792648479
12.50639991194475
12.9600003012456
10.58400020410773
6.91200006112922
17.4095997645054
1.511999961803667
6.264000077499077
4.384800050320337
4.946400024346076
10.15199997927994
6.976799965195823
15.48720005666837
6.825599992589559
11.2752001876288
11.23199995199684
8.424000022932887
1.360799989197403
3.671999939160742
9.43920013087336
3.67199998581782
6.696000066585839
4.406399998697452
7.063199906042428
6.933600139655027
22.11839937444893
3.563999909965787
11.83679992100224
1.425599971844349
18.14400017028674
1.468799986469094
8.596799767110497
5.464800072149956
8.316000222112052
17.71200051516644
3.931200058832474
3.088799945544451
17.23679953411192
5.767199948604684
1.706399973591033
6.24239991302602
23.97599970863666
3.520800013211556
11.44799986795988
14.66640012258722
32.61599980469327
8.46720024383103
5.399999863584526
10.15199982211925
0.8639999781735241
1.576800062321126
2.181599945379276
4.514400113839656
3.456000148435123
   0
0.2375999944888463
0.215999994543381
1.447199969334179
4.017600102815777
   0
   0
2.203200038638897
15.98399975337088
6.177600205410272
34.12799992365763
0.06480000229203142
0.4751999889776926
   0
0.2376000018557534
5.140800011577085
13.65120026021032
13.1759995885659
3.499200148326054
7.041599869262427
3.002399940851319
16.76159970229492
10.28159986599348
2.93760005151853
2.591999934520572
3.045600009500049
4.103999866856611
9.504000309971161
7.235999856493436
3.218400067999028
12.22560001333477
7.27919987111818
7.646399975783424
18.72720005339943
20.00159985618666
31.31999928737059
11.88000024994835
15.55200039292686
19.00800046278164
2.073600014409749
6.695999830844812
11.01599995745346
6.588000069314148
1.944000029470772
13.39199974026997
7.127999977092259
8.208000106969848
4.319999969447963
3.110399952856824
4.795199894579127
3.304800097248517
8.553600145387463
11.31840037414804
9.028800070518628
6.199199819820933
0.02159999994546524
3.974400068545947
6.048000004375353
3.024000002187677
1.943999960712972
8.056800036138156
3.434400062542409
8.639999781735241
6.652800051961094
1.079999982539448
3.088800141995307
8.121600070353452
18.42479971528519
14.04000003822148
7.322400180419208
7.171199913136661
7.840799825498834
0.8855999854858965
1.511999961803667
2.397599966934649
1.231200004258426
2.073599916184321
3.326399947400205
9.07200000656303
3.80160008862731
20.84399951272644
11.72879988444038
0.4319999890867621
15.98399991053157
5.594399850815535
1.360799974463589
   0
0.3455999942161725
1.771199956237979
1.857599960931111
4.751999997824896
0.8855999854858965
1.101599980029278
2.591999934520572
0.302399994325242
0.8639999781735241
0.4319999890867621
3.347999954712577
2.786399921751581
0.215999994543381
4.255200003990467
0.4968000110238791
11.51280009617039
6.199199927868904
3.240000153891742
3.672000064398162
10.15200013644062
3.67199998581782
1.317599974572659
1.879199958420941
1.036800017027417
3.024000002187677
8.856000090599991
2.311199947507703
1.015199990069959
0.6479999836301431
0.1295999996727915
3.2400000753114
3.067199923498265
1.079999972716905
3.607200042461045
22.18320035899524
52.70400024019182
8.66160002478864
13.13280012400355
13.11119980236981
1.663199973700102
1.727999956347048
1.771199970971793
1.90079995591077
14.08319958136417
20.30399972281884
22.87440004292876
30.43439961620606
9.028799657971831
3.067199938232079
0.3024000016921491
31.21804919064743
25.86902474868111
20.06207992380951
33.16895977186505
13.6918080272153
20.91312019620091
39.45369618013501
62.2425602239673
11.42640031739575
14.249087870121
22.03545564261731
16.35206447263045
12.66105605427583
6.56726388710922
6.991488089806808
2.170367992948741
10.93823979754234
12.41740798868705
12.16079987352714
15.62544017615437
0.2678399963770062
9.002880030311644
15.55199956783326
7.52544005663367
7.712063811777625
6.914592033717781
17.43119985039812
12.57984019612195
8.415359642822295
3.186431914946297
14.03654391760938
7.7371196646709
2.070143978517081
19.78732829520595
19.52985620882828
10.21075205535453
22.39142359103425
13.86288024641544
4.38825593519141
10.77667219979048
5.460480068722973
12.0096001366619
13.37904010324564
19.22140785609372
1.706400047260104
9.369216006598435
9.422784304479137
6.039360135036986
10.28592013462912
1.969920030387584
14.33980801084545
11.75040017660649
18.12931173626566
6.665759919815173
11.19311998315879
12.74400007096119
3.538943958847085
14.50655979933799
2.498688040373054
6.903359818534227
4.622399953950662
10.37318412527384
3.927744154316315
6.391008070204407
5.944319902482675
36.33465601660646
5.812128057914379
18.65289605339058
4.465151980843984
4.315679975843523
8.830079958306669
10.42415987594723
5.144255857157987
4.167071931010469
1.893023965703833
15.37228768925161
9.160128174698912
17.60400045895949
1.713312042920734
2.479679953466984
7.155647915533336
7.902143844694365
24.55142462677031
2.7267839628621
9.925632290833164
6.270911950377922
4.417632027252694
3.150143984385068
14.78908777789911
2.962655879855447
18.3021118536999
2.484863967401907
3.550176056160126
5.52527991385432
1.640736049193947
5.428512171056354
3.573503927327693
6.799680055519275
19.49529543489916
6.721920185373165
3.068064037142904
3.140640084893676
10.11743983399356
2.069279993793316
4.515264143992681
5.901119897680474
7.646400152589194
6.611328044846232
9.593855777166027
3.265056006785017
7.022591938903133
1.819583976202921
6.019488089805236
14.26032006565947
14.09183975029009
7.395840071694693
3.820607946545351
10.96415991632966
7.499519878911087
7.369920129713137
7.706879955003387
2.795904118067938
17.13916818844154
12.15648020652225
11.24582388438284
7.616159725876059
7.446816023730207
4.596479913743678
8.37216022737266
7.235135957103012
8.117279926955234
7.229952072088963
7.629120217461605
18.7747199437581
4.643999921972863
7.682688201020937
5.784480021247873
7.739712008060451
1.508544008174795
12.2169601439964
8.024831919613007
5.491584137598693
2.08742399345283
0.7231679984442962
3.881952044321224
6.112799947732128
1.792800056864507
8.207136057171738
0.1296000045840628
21.82809653619415
7.742303720965538
1.054080023982351
4.548096135658852
15.53558401647024
14.19897598016178
5.935679846515995
6.047999906149926
5.356799898072495
3.783456031567312
15.2798396662547
5.68166394950822
9.550655855855439
7.748351978079882
1.808352039734018
1.818719971834071
1.284768039386108
4.720896012440789
3.654720062968408
3.914783984419046
13.49481601459956
11.90419211197877
6.397920026574866
4.036607970556361
4.887648056319449
14.80636779160704
4.062527912537917
1.970783981960267
4.523904131201562
0.7776000078592915
0.3671999960033645
2.263679968746146
10.80777564493474
3.41798403969733
15.04915173863992
2.263679935902019
2.678400003060233
16.96204770414624
4.807296012222651
3.495744003157597
1.460160033639113
6.703776003996609
5.015520020242548
1.546559994130803
2.340576029746444
2.661119930417044
1.753920061628378
2.935871975864757
8.886240301217185
12.88051188457757
0.3326399977481742
7.228223860147409
21.0962884593755
20.97187236067839
10.05955185682978
4.406399979052367
5.643647860415513
23.61225623535574
20.45779221807607
6.751296149741393
7.426944155304227
3.09744003097876
9.764063936745515
2.011391984706279
5.530464055482298
0.9296639842204968
1.040255970963244
4.483295956561051
4.924800056323876
6.731424006284215
8.261568135958441
35.73503958759829
24.51686453059665
18.71078461990692
17.947871965589
20.34979249583557
20.53468803351279
11.82643210922834
9.962784064919106
2.730240050630073
0.06912000050078859
1.831679960014299
2.727648002837668
30.2788800036069
17.18668768589851
8.449920102430042
2.905632009583314
4.803839881788008
9.578304192109499
11.07648007418902
9.120383956542355
6.681312025466468
4.659552060775241
2.605823990916178
2.985119932054658
7.524576006835559
22.62211117486004
9.780479733672109
19.77696003159508
10.30665599391796
14.83055977150798
7.342272288576623
14.35276810952928
16.6777914884733
1.995840011352357
18.06624020682648
28.77983978196426
8.812800036685076
26.25263993322733
16.1179201444611
21.64147243020125
21.03235187823884
10.62028795786318
26.51529688810115
17.91071988700423
42.145919369068
8.967455933452584
83.28528048368753
4.017599997837351
4.134239831910236
8.687520153398509
4.002048031543382
1.970783986871538
7.244639922282659
9.999071802099024
15.08975970209576
14.86943959607743
16.00300808891006
11.59142402102589
10.83369576372206
10.94860804150812
8.281439733036677
4.236192099415348
4.492800106527284
8.468064107000828
11.57500770350453
16.61471982151852
23.954400094226
12.9720960800114
28.12406353186816
8.549279961778211
8.632223876861644
