10.36800020956434
3.67200016262359
4.363200141233393
0.3455999991274438
3.67199998581782
7.775999803561717
14.90400048787706
16.63200005132239
15.89759972412139
18.57599992363248
15.31439968384802
12.80880032863934
15.09839976788498
10.6920002210245
24.88319978001527
21.18960010120645
20.75760010475278
7.516800108714961
5.57280011853436
11.16719996934989
15.59520017181057
14.10479998157825
17.9927994904574
10.82159989164211
17.47440010076389
13.4567998800776
31.01760028512217
14.21279997884994
5.399999942164868
3.715199921862222
3.909600144834258
2.116800033945765
15.03359974594787
20.73599947616458
13.60799981339369
15.01199981721584
8.423999924707459
4.968000110238791
6.155999962356873
19.00800006987993
23.5439997195499
0.4319999890867621
8.812799997394904
10.92959992820397
10.90799968515057
4.644000000553206
3.866400044262264
13.1760001386283
23.13359950203449
8.359200236736797
19.07280017039739
17.43120016471948
19.28879977203906
7.322399885742925
12.09600000875071
26.9568006391637
0.7992000151716638
9.676800034503685
6.82559992383176
6.047999925795011
6.544800008032325
25.79040095151868
8.963999876687012
49.03199978289194
16.00559944636188
19.39679973002058
13.8671999797225
8.013599805417471
14.70959971484262
16.56720010796562
14.51520019909367
14.55839987975196
18.68400011735503
2.591999934520572
9.784799756744178
19.87200044095516
6.523200125957374
4.017599945655093
12.76560007827356
30.24000080768019
16.67520014452748
12.13919994479511
17.08559996914119
23.95439946558326
9.78480001213029
30.4991994809825
12.74399999238085
15.05520006758161
17.34480021405034
17.32319957809523
20.4336000024341
1.814400024886709
16.95599976810627
18.72720013197977
14.94720018818043
13.17599998146761
4.536000042571686
1.425599971844349
11.94480011472479
4.319999969447963
1.360799989197403
3.261599996676523
10.69200016208924
24.12719983840361
19.00800022704061
44.77679959964007
16.5672002651263
14.55839989939705
6.393599964212626
6.696000066585839
6.263999920338392
4.017599945655093
5.313599976761907
8.251200043014251
2.807999929063953
   0
2.807999929063953
10.2167998047662
0.4319999890867621
6.371999878319912
24.19199986034073
12.09600000875071
25.91999997384846
34.34399999678135
14.70960034348536
20.95199947070796
16.54560017923359
23.71680001378991
21.4488003461156
33.48000009718817
20.19599976483732
10.67039999761619
12.46320029022172
12.61439971276559
9.871200002089608
31.31999944453128
35.20799903199077
2.764799934084294
26.58960082917474
7.559999809018336
3.455999912694097
25.35840017662849
25.61759955715388
13.60799989197403
3.693600032420363
6.911999825388193
27.21599978394806
19.65599942486733
8.748000132618472
2.591999934520572
16.19999998365529
7.819200132507831
21.34079983807169
31.38479930930771
15.63839979353361
15.14159993967041
13.28399961039395
0.8208000028389506
33.91200008627493
10.80000004149042
3.844799926446285
18.64079982769908
6.350400185328908
9.719999833032489
19.50480023806449
18.01439996925183
12.48480025824392
16.43759959260933
50.60880000237375
21.53520021820441
31.838400720153
4.341599969393428
13.00320031587034
27.5400003651157
7.192800077609718
3.002399916294962
6.242400148767047
15.61680025770329
6.868800095617189
11.94479972182307
5.832000081045408
5.659199872752652
15.16319967195159
24.06239997362718
13.39200021175202
16.52400025050156
17.06399964750744
6.199200134142302
19.56959978851955
15.76799999456853
12.48480021895375
4.514400113839656
18.79200007533655
15.01200013153721
5.788799838046543
8.618399695842527
9.072000163723715
10.38960005971603
0.6695999835756083
4.233600018778816
25.74719944386743
30.49920010962524
15.98400006769225
21.62160048319492
20.60640021809377
36.50400009937584
16.61039980826899
11.85840032121632
7.365599920012755
8.83439976896625
44.49600029038265
13.8671999797225
11.64240001235157
27.25920011289418
28.20960012031719
7.149599748663604
5.140800129447598
5.270399967048434
17.56080018894863
12.00959997950122
19.15920004248619
13.00320023729
51.5807993884664
10.77839971985668
49.89600117551163
20.06640019244514
11.90159994293936
7.128000134252943
4.557600042517151
8.056799859332386
13.69439992122352
9.871199884219095
7.560000201920047
9.503999838489108
9.50399991706945
19.22400014300365
10.67039995832602
4.125600132010732
4.319999969447963
8.488800123450346
3.455999991274439
8.208000185550191
7.992000269587152
6.047999847214669
5.184000026201829
6.911999982548878
9.828000026755035
2.786399931574124
6.544799818948377
31.7304000549484
6.631199887488037
8.791200186533388
11.49119996116497
11.8584000854753
5.162400117114885
7.776000275043771
4.79520008120744
10.71359974703228
7.71119983319295
0.6479999836301431
6.220800102164503
18.100800155662
10.19520011177519
11.18880029098364
12.46319989732001
9.936000377638265
7.776000039302744
3.218400028708857
2.419200072472449
2.397600025869906
1.295999967260286
0.6912000178999733
0.993599982757587
3.153599888901226
2.829600007589761
4.68719990712998
7.322400082193781
7.430399941949872
3.671999931793835
0.6479999836301431
2.376000018557534
5.400000099325553
0.5832000009831972
   0
0.215999994543381
6.955200075753964
1.382399967042147
10.15200021502096
2.894400007426157
7.948799822770525
0.8639999781735241
11.23199971625581
17.92799994000234
14.03999964531977
5.961599935835693
2.203199960058555
20.02320033498108
11.512799889897
13.39199965432272
3.888000058941543
4.535999885411002
6.695999830844812
16.63199989416171
6.911999903968535
18.14400001312606
13.58640035614371
11.79360022069886
5.4864000499947
4.968000110238791
11.40479985333513
10.79999980574939
25.68240036489442
10.26000017300248
14.79599982267246
26.99999994656537
12.67920012760442
35.64000035694335
14.90400025213603
21.75119997700676
14.5800000638701
13.28399986086879
16.93440007511526
14.73120011505671
17.43119961465709
13.17600006004795
12.78720022801281
21.18960017978679
16.3511998703143
16.9991999398917
42.20640010462375
11.68559971265495
7.905599926016293
29.91600022651255
29.3976002081763
13.71340772020631
29.62915188109037
7.547039806104294
13.28140780969989
12.07958448685531
8.160480190213093
13.9501442812616
27.33263941481709
10.52783991153774
15.70579202380031
18.79631947958842
4.172256019228371
8.849087888665963
14.80032016988844
13.14921595039777
25.05427169962786
1.890432020741173
16.38144024545909
1.378944006660277
13.85855983535293
28.11455971095711
31.06943957973272
16.53264031629078
12.25151981780073
15.54076843312941
11.75126403977629
10.95551981125027
14.64479953574482
5.901983937656041
24.97132787939336
20.69452838622965
9.348480235712486
27.66355184430722
7.167743910395075
10.51660797384102
21.86870422738139
6.509375758616898
2.820959949167445
6.060959877140704
4.863455781742232
5.572799804212991
23.03424008132424
8.398079943435732
38.01686397346202
5.702399965957738
4.946399819300495
8.717759980936535
11.81606384561746
12.10463987808907
17.87184041604633
3.419711976607687
11.25359980214853
11.43071965780109
35.45856031123549
18.92159988346975
22.80527967377566
30.82924854825251
38.66745585110039
5.304960111106993
8.568287773960037
8.98041628752253
26.48246364406077
4.157567899528658
7.276607865685492
3.002400073455647
1.880063978751423
0.0155520000589604
2.557440064265393
2.937599972938187
12.35952009010362
5.279040003370028
12.79583967989311
10.65484800492413
15.2392324001994
15.61852792510763
8.125056109929574
17.90553605969762
30.3436801827047
10.7498880213825
12.42864002706483
14.27673597063404
4.206816095449994
7.117632165318355
4.452192064491101
12.21955211658496
40.76783909113146
33.25190478062723
8.653824028442614
10.33430425159167
1.499040010457975
18.94320036226418
22.84243135945871
12.22473614034243
10.60992000857368
2.419199993892107
7.000128091749502
8.290944172767922
8.138879973557778
40.60454324644525
16.68815969314892
20.68675191840157
8.951039792736992
7.974720265701762
9.444383977825055
25.47417597379535
2.812320001248736
10.1485441729892
8.582112079602666
1.555200055008754
1.065312006494423
13.6520637992362
18.94406356732361
15.37401623209007
17.56598383944947
22.01040006475523
9.415008150972426
4.52563204416947
0.155520000589604
0.5270400153676746
5.054400110020651
30.30047977517825
13.14316836796934
4.383935904752434
6.065279801987344
6.474816028639907
10.55375977739459
18.1630082835909
13.35744015149203
10.19952006608946
9.796896119951271
10.46303987241117
24.8909757763613
10.36627195004485
33.30288071301765
17.60831991232408
24.6844807814341
18.53280002687825
2.944511998066446
18.3928320533596
1.347840031098713
12.09254380955826
3.79123204111238
22.67308836453594
1.855007998165092
13.55443222273607
14.33289620181313
12.11760001606308
13.71427186822984
7.758720025594812
19.84348748519551
1.45843199788942
8.069760075886734
9.35193587501999
13.06281631405
15.81119985203259
6.92927991030956
4.268159967614338
17.21087943005841
8.068895888573024
4.816800039407099
4.415039985906333
4.784831920733268
1.67615997906978
9.121247721486725
0.04320000081179387
1.950911987069048
7.430400020530215
7.188479769683909
25.85692856227979
5.63155202762573
7.378560038341675
9.045216113008792
5.883840168826282
1.975967976250104
5.965920086600818
8.474976112484001
6.659712035343546
10.51142426440492
15.39648038742598
12.2299198890687
0.7991999955265783
0.1943999995091872
0.5045760073699057
1.26403197136824
0.2116800009389408
0.300672007074354
1.550015982138575
6.694272023469239
18.46713628910948
16.75382417743094
4.459968109949841
7.002719916999922
2.842560044882703
0.4933439950832508
0.228960005438239
0.3196800031219027
0.6946560040660188
0.3326400017385822
4.785696073668078
10.1131201350654
18.67104021512205
17.71286362200044
15.3748799872119
4.123871897354547
0.3542400010701385
2.353535934435058
18.45763176097535
16.19049604487373
3.689279974355486
7.762175969401142
4.462560043248232
9.402048130868934
12.67747222445905
14.47631998162251
7.988544031104539
9.224063982924235
6.759072047861991
6.98544014885556
9.400319952692371
19.8028797574807
3.024000036566576
14.89190414431505
3.000672064717946
7.20230397710111
16.28294381371234
8.478431918774731
10.83887986605987
8.680607823771425
3.725567986566602
4.620671972224955
4.853951911718468
3.666816001350526
36.74505677190609
22.16592038457748
15.82502441306133
6.043679971480742
7.655040080862818
8.077535836491734
16.60953652954049
32.05440063611604
14.96275237732334
12.57897569448687
7.264512026449665
10.58831964764977
9.950687907985412
35.0040965990047
11.75471992464736
22.76812814525329
10.5183358573413
11.85407981683966
6.474815812543966
20.7688323862385
14.37782400171272
10.05868808206287
16.77887990263116
26.06688046362251
36.65951955481432
18.65376027999446
10.38787190118455
11.56723233580124
9.792575890605804
10.77667224153629
15.31353624304757
27.27648016589228
16.49807973881252
19.47455992922187
38.72880069538951
3.992543906133506
6.051455874512612
12.47616023174487
5.637599929286807
5.480352074664552
20.17785619245842
3.315167965502042
10.1735997312062
32.71103958541062
23.48524806584464
5.215103982118308
0.8700479878825718
7.351775869756239
14.38992003095336
40.03775856108405
3.439584047009703
11.77545572500094
41.75193535120343
23.26320033171214
19.80719977073022
17.3828163620783
15.8829121151939
18.97776023251936
7.049375904898625
