11.51280028279871
7.106399891199544
3.175200033729197
1.339199986796302
8.531999973547501
25.05599920987152
17.49599971517455
18.57599992363248
14.49359972029924
20.08800012117717
15.70320012979209
24.25680051092058
15.70319997263141
11.21040025900584
33.76080011366867
15.94079969945597
13.41360013311714
4.190400004154071
8.96400000929134
18.44640050840098
10.3031999518862
16.3727997278329
23.78159972140566
14.83919944439549
21.53520027713967
16.58879980095662
37.17360064038076
13.69440007838421
6.048000161536038
8.834400319028646
10.5408000323223
3.348000013647834
8.985599977313541
18.36000040057115
28.08000039076433
23.13359997351654
13.41359974758234
14.68799962894991
13.43519983347505
19.00800022704061
18.14399969880469
2.807999929063953
20.77919972653035
12.5712001696229
17.21520040591713
8.445599990955088
10.58400020410772
23.54399948380888
18.12240000581369
33.1991997663863
20.6712000828702
9.979200077941641
37.00079916743562
4.449600013322197
9.590399789158255
16.95599976810627
8.59679975974359
13.21920031041373
13.02480024460237
12.96000037982594
18.01439981209114
24.62399984942749
11.90160037513124
41.47200068109669
16.43759998551104
20.0232001778204
17.69040009530727
17.90639955943334
18.03600036946591
20.0015993847046
26.20080054039136
16.20000021939632
19.59119944222039
3.239999918150716
8.856000012019649
14.03999972390011
8.83439976896625
17.62560023053084
16.69680023042019
18.33839976461604
16.93440007511526
23.50079986208584
12.16079987352714
18.48959997296333
11.49120007903548
24.2784000467509
11.23199979483616
18.29519990715198
18.83519981493009
17.12879982660525
16.99920025421306
7.776000078592915
14.99040004564449
15.16320010414347
14.62319984275382
19.46159983053803
7.992000033846125
3.996000058668869
11.64239985519089
12.74399999238085
12.61439986992627
12.05279971909476
15.48719989950769
16.65359998005442
12.98160030855797
18.18719971342944
13.0464001733344
15.14160017541144
8.251199964433908
9.504000074230134
10.15199990069959
7.171200070297346
19.78559962590225
14.70959971484262
5.183999869041145
2.829599936376326
9.288000236847438
16.11359979724512
4.103999974904582
8.769600100640673
14.25600018992554
20.30400035146158
22.89600005024113
25.48800045624375
11.75039981317241
20.08799964969512
13.52160025562625
11.70720003428869
22.05360007937998
30.45599938777741
18.38160009356216
15.61679955048021
19.87200028379448
15.35760001279414
11.79360021333196
17.28000042785425
30.88799976976588
7.624800086341565
17.23680025606882
5.615999858127907
9.935999906156212
11.03760004334617
21.18960017978679
4.795199958425655
10.6703998404555
17.49600002949592
19.87200028379448
18.79200007533655
15.29279983369634
4.320000048028305
14.25600003276486
7.279199988988694
35.85599956568331
32.72400062705856
13.37039973295759
21.94559933559503
14.55840013513807
3.088800016757887
20.30400011572056
14.25599963986315
4.579200057196431
16.89119990332983
9.590400299930479
25.05600038857665
13.69439999980386
16.76160033093765
8.683199874940328
20.88719976309221
26.74079962307587
17.84159975359216
26.11440003965981
3.607199914767989
19.52640000963584
28.40400002896786
9.914400213165209
9.266400072374381
9.223199900588952
22.74479992047418
8.985600036248798
14.45040017715655
7.279200087214122
7.73280006396817
9.633600039524026
25.03439998836257
9.719999911612831
13.04639985901304
24.19200080330484
17.56080040504457
18.81359968974721
16.09200010425411
9.568800096167251
6.285599927650765
12.31200016045477
18.05760014103725
3.607199993348331
7.624799830955453
9.93599982757587
8.467200116137974
1.922400022158399
2.289600028598215
18.5328002233291
20.93039969913661
23.11199996620417
13.91039999434724
26.00640031741932
22.46400021831505
23.45760063326452
18.94320059800521
8.423999983642716
11.55599990452174
24.62400008516852
13.58639988466166
9.201600207597949
15.40079998812871
25.5312004708685
4.816799960826756
3.779999904509168
3.736799968464766
19.67760021798313
13.02480016602203
33.26400010264479
6.285600084811449
14.7743996581994
18.48960005154368
17.92800009716302
16.89119974616915
22.20480075920932
3.693600071710534
4.14719989621517
8.791200068662874
13.26240005000727
5.59440004726639
4.968000031658448
8.424000022932887
8.424000258673914
9.288000079686753
8.856000169180334
0.8208000224840362
3.887999901780859
8.856000012019649
4.967999953078106
9.072000163723715
5.831999852671288
7.776000039302744
7.992000033846125
7.387200050106912
11.66400017682463
2.462399993783038
7.689600167213939
33.52320074045565
18.35999969334807
11.64239993377123
4.039199874387123
7.041600026423112
6.134400033624843
8.207999871228822
5.486400069639785
10.67039989939076
8.294400195154594
0.215999994543381
8.51039981644135
16.35120019200258
15.81119993061293
9.439199914777419
9.244799829320982
12.95999982976355
6.134399955044501
3.283199972065631
2.591999934520572
2.311199996620417
3.888000058941543
1.03680000966051
1.209600016591139
1.771199970971793
3.196799923171056
6.544800133269746
7.322400082193781
11.49120015761582
5.551200096488174
3.455999991274439
5.400000099325553
3.261599925463088
1.360800008842489
0.4319999890867621
0.2807999968354125
11.66400001966394
3.563999949255958
16.61040035833139
8.748000250488985
12.48480041540461
3.67199998581782
9.050400176056428
18.57600000221282
8.207999871228822
6.00479985223501
3.758400015067309
17.25840010622051
17.12880014092661
16.61040051549207
14.10479998157825
4.212000011466444
12.52800039073918
26.13600067561492
12.31199992471375
15.76799983740784
10.23840016569011
11.2968000525143
7.538399949044106
6.695999909425154
14.40720016253181
12.16079985388205
42.57360011106357
29.3760005151853
14.29920020455029
18.79199976101518
15.35759993421379
33.47999907564372
15.57360024307854
21.25440043746494
24.55920029897243
13.52159970556386
15.55200031434651
16.02719961083494
13.02480008744169
14.25599995418452
10.58399988978636
24.10559983109124
15.72480007816921
25.33679993357509
37.34640022739768
18.57600015937351
10.97279998211889
19.65600017138058
24.99120044521987
15.97017562453402
11.49379201233387
3.278880053665034
21.59567997150589
9.415007735969994
9.936000220477581
9.347616293962346
57.58992098271847
25.92000035692763
12.61785604947363
34.21267118537799
4.936032114346744
7.725887901324313
21.63369602130842
31.83840024867095
26.96371225174516
2.094336028096677
16.22678388703207
8.567423709428112
16.45919983566273
16.89984012627974
23.36688009963837
16.30367967300117
16.75727951223962
11.18707236144019
10.08115202130284
15.31872018822469
16.93440038943663
4.751135815422458
16.16025638186329
10.35071992082521
11.11103999355691
15.52003155229613
8.626176158145427
6.908543783356436
30.28147244767752
21.4920001507835
10.68768008008192
16.02201608802716
14.9860794430424
8.462879872058693
16.29503960721195
7.210079894866794
23.847263360949
2.453759974650893
10.50883201678516
19.37433663551928
16.20172772963997
15.6988796647056
11.3831999246031
8.430912146286573
13.50863992120139
16.10236815176904
14.04432022827677
25.70399997930508
25.85520022694254
13.06195200886577
12.66796824638732
3.811967988804099
6.424704067467246
16.08076781049022
16.30627231352264
5.616000113514019
11.53785629285267
10.73174385965103
8.353151927440194
0.9253439875465119
7.210079979586226
4.710528034911476
10.46736006246647
2.272320054180454
14.38128004374448
8.821439807798015
14.02790432330221
13.33756764797727
11.70547205256298
20.8638725696801
13.83868796692695
8.123328059446067
14.67935987748206
12.83731179137249
2.754431989092154
10.95811225532088
10.82592025850317
11.93615989177488
28.66492849134374
13.93199992307927
9.000287900562398
12.10550414398313
0.5598719923000317
15.05260778067168
16.35724773514085
10.30492793361191
8.380800214581541
5.752512106391805
12.91593589303375
10.39219199301442
6.912000021839049
22.29724801727571
17.2454402432777
17.81913618760882
14.92560022015823
15.53471982915653
14.33116774860537
17.89430351054762
5.538239875022555
11.76768025907222
10.55030412826454
8.909567877708469
4.524768014016445
13.7462403945392
14.73292778246105
16.14038382831495
25.54243211634457
24.97132841963321
7.725024106912315
11.84803211654071
1.304640003581881
4.782239880921679
9.313919857140718
15.8544001809787
25.60896074865013
2.395871982446351
8.553600282903062
9.593855988350697
6.410880061412172
10.29455982716172
15.94512004667195
13.25807972243638
13.98902449873276
6.078239920316264
7.572960064862855
8.90697602299042
14.49359987745993
22.02335953479633
15.78960008046124
21.61728009668877
5.220287838892546
11.68905614758842
5.205599954933859
16.09632005856838
3.760128016438102
7.548768084961921
4.477248035254888
16.64755227975547
11.3175359510933
10.76803190808278
9.030528052244335
8.817119873128831
11.41948782569671
2.610143991273617
7.715519971679896
11.75299186434131
6.828191847307608
6.787584158882964
5.909760002759867
3.646079984901007
7.171199893491575
3.989088148955489
5.948640112183057
2.185920011424969
6.085151925799437
2.818368015869055
4.993919973640004
0.1814399978229631
1.724544007629447
5.782751902006567
4.691519915468234
17.33184003678616
3.908735952609277
4.257791959389579
8.79897630780988
5.349888118507806
3.132864019789849
3.218399920660886
8.541503841115627
7.17897598806303
16.46179188683163
10.87343973631505
15.13727959245443
1.866240016897791
0.1088639988779505
5.183999977089115
2.459807996638119
0.159840004630496
3.019679988938151
7.287839976197574
4.042655994999222
14.91523166187108
16.89983981195837
10.37404783128295
5.313600148656406
7.936703950690571
5.094143954920582
4.523039995456202
3.136319953773636
3.741984011867316
2.903039945522323
8.385983953485265
12.98160015139729
24.28099194075912
7.176384015474468
12.83040002163034
7.010496050861548
1.257120005175238
6.044543844473083
30.40848067612387
24.03388835373335
9.319103986490518
15.15887967834715
17.4700800285791
14.14108800790927
15.34463983552996
13.71772775310092
7.305983902188018
12.05452805443201
9.186047782714013
22.25664052530192
14.15836796513759
45.63820799812675
1.209600005540779
11.15942385513335
11.02377556089777
14.22230377029337
28.13270375481807
8.497439737402601
5.776704083837103
7.211808131978614
4.553279859828763
3.711744053873645
4.240512053729617
5.844095837710483
26.74598427547608
12.43036769446917
11.69164804159664
7.571232014379348
9.694080107146874
9.713951975572854
17.90380803868175
11.49551971902838
20.7014401559718
12.32409642543644
10.56499193364289
15.97881612251513
11.93875162862241
10.27036798477639
22.99967973958701
23.54486418189481
8.779968069575261
11.61648005072493
10.62892772897612
25.24262375081889
14.5333437321824
10.58659217669629
14.49359972029924
26.14463991631055
28.29599967808463
17.93664039869327
12.55737576575484
17.56339135608869
7.786368008237332
11.2147198204184
12.53404816961847
23.19407996255904
21.16368021816015
13.73932823189534
54.49247908545658
7.483103934646351
7.433856003626715
9.586080149165355
6.983712101441597
5.158943976857699
18.08265595464036
0.7257600256707519
5.793120087037096
17.686080140993
20.83276810299139
10.44230444531422
3.131999985953371
8.504352037562057
13.15439997415524
26.12908796290867
11.93529599913745
14.14195184406708
33.89126344118267
7.845119976263959
7.732800162193598
14.93337586289272
11.70633596484549
15.34031964547466
9.702720251516439
