10.02239985682536
21.08159982890356
11.14560004061786
3.844800044316798
18.18720018491149
15.33600008406211
3.239999918150716
12.09600016591139
32.05440063611604
32.61600035475567
6.263999827024236
4.039200011902722
19.31039977935143
16.09200020247954
19.65599933892008
11.40479969617445
23.73839947103988
17.25839987047948
6.631199858020409
17.66880046125152
33.04799912584713
17.90640015369718
14.86079949099803
7.624799988116138
16.95600021994323
0.6695999811199727
4.341599976760335
11.25360010910299
   0
0.9071999731531832
0.1944000019648229
11.25359995930921
11.94479989126194
12.31199992471375
21.3840001670178
8.985599820152856
14.66639977879822
0.4319999890867621
14.99040033049823
6.4800001506228
2.808000007644296
2.592000013100915
5.40000002074521
17.69039974169573
12.33360001060646
0.7991999955265783
11.46960026817396
3.888000058941543
6.847199913954682
2.851200007535226
7.300800084703951
13.08959987363778
36.24479938298464
7.970399751502555
20.17439975015805
11.49120002501149
11.68559980351347
9.698399825720116
10.15199997927994
9.288000158267096
0.9719999950903002
9.914400213165209
10.43279997611535
23.1119996518828
11.64240001235157
20.97359992003476
1.79279995863908
1.01520002936013
2.203200023905083
6.415200109040597
16.63199997274205
10.56240023608552
12.39840048438055
0.8639999781735241
0.215999994543381
21.16800025105476
13.11119988095015
5.032799975015223
6.544799858238548
20.84400024205024
5.875199985166546
19.05120008450467
24.51599964833804
4.838400036896928
8.76959998277016
11.66400033398531
15.55200015718583
29.28960017161444
8.704800157283898
18.70560028182808
12.80879993573762
2.267999932882958
3.304799940087833
11.96640004345682
3.80159991182154
15.12000002076093
10.15199974353891
0.8207999856495007
18.57600031653419
1.511999961803667
3.110400031437166
4.103999974904582
10.15199997927994
10.62719981846385
3.952799994931411
17.12879972837982
18.16560037404997
2.743200044642435
4.471199863473885
3.456000069854781
5.400000099325553
8.7264001253061
4.838399869913701
22.70159935578704
0.1944000068760943
1.295999967260286
3.024000080768019
3.99599993834272
3.023999923607334
22.46399927535094
10.368000130984
8.208000185550191
2.808000007644296
36.28799963335041
12.41999976482475
18.3599999290891
5.399999942164868
35.98560078826267
24.9047997087473
30.45600009500049
35.59680042089894
12.39840011112392
24.83999945106916
13.58640035614371
13.41360014048405
5.832000088412315
4.535999963991344
0.4967999889231578
8.769599825609475
14.68799978611059
4.535999885411002
3.952799864782719
17.25839987047948
8.056799721816787
4.79519997315947
15.33599984832108
9.072000163723715
5.184000026201829
15.20640033486416
8.208000264130533
18.1440000917064
14.79600029415451
29.09520057728514
38.77199976705015
14.73119976144517
10.19520022964571
1.98720007601878
5.184000026201829
21.60000039730221
8.207999792648479
10.30319998135383
13.08960026653949
6.825599953299388
19.43999950890429
7.171199991717003
17.02079986862373
5.680799880065024
9.223199763073353
4.751999919244554
6.415200246556196
13.1111999595305
0.8639999781735241
2.354400011245161
12.39840011112392
2.635199949145317
0.9936000343259366
18.14399985596538
21.18960041552782
11.98800009005936
4.967999953078106
15.94079965279889
14.42879977694247
8.359200158156455
25.31520039774477
4.968000110238791
14.34239951195195
14.47199971298687
4.838399958316586
3.175199974793941
10.56240019679535
20.52000018884428
7.149600134198408
12.52799984067678
47.21760026877746
35.20799989637453
33.67439992725849
33.26399978832342
3.736800086335279
22.68000029143877
34.71119870664552
14.04000011680182
25.05599928845186
25.91999965952709
19.28879992919974
32.65919974073768
23.76000073563773
13.82399962130876
53.91360064968467
13.65119974943809
54.38879892462865
48.5999996366445
48.23280045529827
25.72560069384053
21.12480047217105
19.33200010098517
12.11759970174171
14.904000016395
13.3704005384061
20.4120003094431
29.18159993860172
34.64639962767251
26.1792003759183
10.58400043984875
2.505600042786682
9.07200000656303
22.09679962252267
30.78000004752539
12.29040007456206
20.9520000993507
31.79519936966244
24.19199970318004
35.01359990177662
17.49599995091558
20.73600010480732
22.4639991967706
26.13600028271321
13.00320000154898
4.795199894579127
20.51999971736223
14.19120040372945
17.06400035473052
22.46400006115437
22.2479993593879
20.52000034600496
25.05599944561254
8.251199885853566
12.33360001060646
7.257600020966493
33.22079961653799
11.2968000525143
22.78800032800063
19.91520014125854
10.36799996400077
5.162399861728773
23.78159971403875
11.01599980029278
15.83279978076462
25.87680015567457
14.77439997252077
23.54400042677298
11.2319998734165
8.812800360828987
25.70400045078713
11.70719995570835
18.83519938273821
8.208000028389506
19.07279938459396
5.486399814253673
11.5344001329504
12.03120030113496
7.776000275043771
9.39600018746205
6.24240026663756
5.659200108493678
6.220800062874332
14.81760006572586
13.71600016427692
11.29679942387156
7.300800114171579
2.592000013100915
15.11999961803667
8.035199891310185
8.229599721380509
4.535999885411002
0.6479999836301431
10.99440016623703
13.17600006004795
18.72719973907806
9.828000262496062
12.09599969442934
14.25600050424691
23.63040011223347
22.46400053263642
36.28800018341281
15.22799957601819
2.116800009389408
11.85839992831461
22.07520071533509
11.64240005164174
21.81599937030114
11.685600184137
15.76800015172921
14.68800017901231
14.90399978065398
8.639999938895926
9.892799891531467
14.88240016624331
15.46559942071326
15.76799983740784
10.99440010730177
12.52799991925713
22.89599926443771
21.68640026939102
13.71599992853589
11.66399978392292
3.65040005708579
16.41599989961833
18.44639956543688
16.24320023402106
7.171200031007174
9.395999959087931
38.79359914571978
22.44240021100268
12.91679997229949
15.55200015718583
12.83039994305
22.24800053809304
2.332800082513131
21.42720026022289
6.890399896656163
8.337599915103056
25.72560069384053
21.27600054300274
15.40080042032059
10.48204810358584
50.76864135453434
1.347840034168257
7.622208025350119
3.903552071278682
7.153920187352014
7.695647880404977
22.93055968475528
1.978559984445383
4.620671958718958
16.94822330027819
0.338688002238996
0.3939840129532968
19.8046081996381
4.268159839921282
29.52633618260734
0.8311679865073529
3.304799935176561
10.15804785392902
2.052000007097377
16.79184052190976
30.69359876099043
10.60992004295258
10.62287997465319
6.692543906683568
18.76607991725905
12.10032027738634
21.14208022067032
5.082911995123141
6.260543799726292
10.43020782672102
1.473119980073534
7.076160053838976
0.6842880237741156
20.4145926356432
1.320192034336287
   0
2.812319893200765
8.385119825106813
4.783968128469951
1.814400017519802
29.44944058326655
17.69039993814658
6.016032019533668
0.9547199878284118
5.102784020709805
5.59094410346006
6.530112190375803
16.37712043510646
10.14335987420054
8.594208040085505
14.08752001698304
2.213568027218571
32.03280078596435
9.491040054126643
12.22991986267061
15.10444809682667
17.80531182303093
2.71295994330103
1.142208019916779
2.769984041333373
27.28944041191426
0.7966079897869349
6.087743701937143
13.53974391149677
1.052352002966472
0.1244160004716832
0.7482240091121639
5.860512114099947
13.20623997598886
0.8035200069343773
35.48879918598686
11.56636828600313
14.34672033064999
14.15491219813703
16.04620803846046
22.0751987901167
55.06963246662053
24.85382432641927
8.588160290673841
29.04595206182421
13.88793619262287
7.23513602647472
5.0146561398833
16.16976051279835
27.68947129516164
28.66492809844203
14.36486449238146
15.19343962718267
4.71571200832841
5.304960030071015
10.62460835081538
14.17823999072425
5.080319943954237
1.460160021974843
2.674943958265885
12.91161590925185
5.685120109410491
16.5248638484627
2.911680030956632
23.49993634270504
7.26192025031196
9.832320295390673
10.81814418112117
27.72921585710719
5.183999869041145
17.00179136241786
7.756992122449446
0.305856004126781
2.332800003932789
7.841663698491175
3.841343884414528
17.25494468178113
6.409152114065364
46.52121667895699
9.277631757140625
11.25792022794485
0.1295999978310647
3.741119863843778
6.428159847359893
13.94927966175601
31.3597433750715
0.8493120024354539
10.0915203045588
11.22508831424511
32.2548485299194
32.06304015184287
6.778079954892746
4.26384001821134
5.15721602459962
10.27295995736495
18.46799957274925
2.540160036437555
8.238240248829243
17.28863966854988
17.06227158720139
28.36080095730722
10.30751998478081
6.426432009902783
3.641759952006396
10.47168016657452
9.528191857680213
15.20294418601225
6.500735692827675
20.5727037100587
14.21107242931612
23.31936036644038
3.652992088609608
12.79584001999865
8.225280238548294
4.956767993280664
29.31552044756245
6.824735844566021
19.6439043385908
9.743327959586168
8.925120106141549
10.08287984586786
20.3860802888812
14.14627217163797
18.56304041430121
13.93631995597389
12.04502407636028
13.43519975489471
5.42159994947724
4.052159884668072
13.65292808477534
16.5801597351674
13.27103981129767
29.44339235255029
18.74188860529102
23.23296023896546
29.26713562337682
18.4222078507446
11.4419520006777
19.98259142856114
16.23455977533013
2.541887992992997
18.14832059608307
19.67328022437869
29.83392011228716
9.871200198540464
6.100704121388389
4.883328138532761
13.00924778042827
3.905279935133876
5.462207912933081
15.5329922796227
12.98851176397875
27.44236774742603
22.36291210865602
11.40047993831104
9.646560216788203
5.192639934830368
2.702592061541509
2.051999967807205
2.237760051320947
9.524735950401464
3.76704000227619
7.592832090449519
16.55856012075674
18.29692836035974
28.00656046019867
12.38630427833414
10.318751885643
4.566239975702047
4.444415950274561
20.5727037100587
21.09974410850555
17.04672045889311
15.68591957584431
8.985599977313541
22.07001645583659
16.40735999098979
10.43193616205826
4.459968091532573
12.30854411842301
18.86630361368589
14.41152003826573
14.88844763080124
14.86252845497802
1.51372803193226
20.207231547829
12.73967968445504
7.529760084003101
22.59619199903682
15.28502382261649
15.97708798362873
11.05228776032163
8.328960124345031
7.06751986741665
43.25702501388378
3.433535851286251
30.46896035084501
16.71235198737122
15.53817591047846
16.0885438657715
19.24992014392046
26.43408011645079
21.25958406832069
16.84800043876749
16.44105610612314
9.363167913397774
22.67481658200268
11.39961594744818
8.751456056779716
3.281472055721224
34.17119970254134
9.434016107115895
21.97065632790327
28.71504019713029
17.90812760991685
19.8927360252128
16.73740772239398
7.955712090392808
1.511999960575849
5.611680119909579
14.56271977513097
24.1401604429484
14.58432041108608
15.16492800728884
18.43689621600788
7.767360169964377
11.23459180671489
9.840959876191846
25.57439954252914
14.249087870121
75.19392254180275
26.44703936364294
22.10976034984924
6.972480325202923
1.359935998334549
3.682367915462237
23.67273600830231
1.473120051286969
12.18240023445105
22.90464084903761
7.651584254927002
16.89811214455403
3.81542407718598
10.18137624937481
12.93840007108429
11.56896008178592
2.669759986383724
1.728000034927391
14.93683221924584
8.341919903796224
11.01167976739816
4.887648101748709
11.86358387349173
9.240479953587055
16.05484788815374
