7.171200148877688
5.464800106528855
4.946399970322091
1.079999992361991
3.369599986581306
9.504000074230134
3.887999980361201
14.47200018446892
11.31839966692496
12.74400014954153
16.69680030900054
13.26240008929744
7.732799946097657
14.99039957416244
35.03520023077726
12.35520009649917
15.24959977978142
8.056799996847985
5.356799966830295
15.44399949198123
10.02240024972707
18.31679960014299
45.57599939871579
11.44800010370091
20.60640027702902
13.21919991751201
22.83120026404504
17.30159941362217
4.535999963991344
4.320000106963562
2.613599981123116
2.05199994816212
13.62960013502743
13.60799973481335
22.68000005569775
21.880800020881
16.24319995898986
1.944000029470772
10.06560008754604
17.92800001858268
12.52799984067678
1.727999956347048
8.640000331797637
32.18399977631634
16.84800012444612
0.9071999657862762
1.295999986905372
19.65600060357247
11.03760023979703
9.590399848093512
21.53519998246338
17.47440055260086
20.67119998464477
14.68800041475333
10.58399973262567
36.97920049598906
2.505599944561254
14.21280009672046
8.575199988172244
7.560000044759363
1.166399994599487
15.33600016264245
20.30399995855987
23.11200012336485
17.60400053753983
15.63839993596048
10.84320021327585
1.727999988270312
9.180000357446261
11.46960026817396
23.73839954962023
14.51519984548213
46.20240071089938
2.15999994543381
8.748000014747959
22.03200038638897
10.60560029000044
14.96879948826972
32.31360025238246
35.8343998726923
27.36719999229535
23.22000078856945
13.45679999794811
19.63439988903701
8.596800042141695
47.82240173080936
11.0160000360338
20.15279967163224
25.70399990072474
18.31679991446435
38.18880066974089
4.665600007865578
13.50000001257285
27.21600064833183
28.31759976397734
25.29359976178966
8.424000180093572
1.555199976428412
10.95120024983771
5.83199993125163
2.15999994543381
3.412799917714437
15.85440033813938
21.12479976494797
26.61119981494267
28.7711999961175
29.11680011311546
11.01600011461414
11.96639996487647
6.911999903968535
12.5279996835161
7.646400034718681
6.242400148767047
15.42240019189194
   0
   0
0.8639999781735241
1.792799978284165
   0
9.179999885964207
20.08800082840025
16.1999998264946
20.51999963878188
30.23999955039471
30.82320124085527
33.26399986690376
11.33999983139802
22.72319944167975
44.02080012951046
28.51199990836903
59.61600100854412
15.85440033813938
19.52639953815378
15.59520001464989
9.331200015731156
11.01599995745346
19.22399982868228
5.054400080553023
13.39200005459134
12.52799991925713
15.5519999214448
41.27759927941952
50.00399948330596
12.52800015499815
8.229599878541194
14.47200010588858
20.30399940849748
8.855999776278622
12.74399975663982
16.63200036564376
27.86399984615855
25.03439920255914
23.80319941439666
28.36080046618008
14.66640001453925
6.091199861839414
17.06399972608779
4.38479999138508
43.84800062107388
24.62399945652578
14.81760026217671
26.54640034306794
24.51599949854426
35.63999996404164
28.31759952823631
17.47440025792457
18.53279935894534
14.70959963626228
14.5368001278257
18.70559973176569
38.87999956787098
7.387199735785543
12.29040005491697
24.58079959906172
15.33600031980313
3.69360009135562
13.58639972750097
27.32399982050993
22.85280011419673
17.71200010261964
9.266400308115408
7.408799973927671
9.849599876906723
25.07760055304971
20.52000003168359
24.32159958989359
57.45600153459236
12.63599987723865
24.0191996053909
20.08799980685581
15.55199944996275
3.196799982106313
14.90400017355569
16.37279957067221
25.09920016746037
27.21599978394806
40.39200015831739
57.06720148155
16.99920029350324
16.4159996638773
16.32959987036884
21.98879990028217
44.27999895997345
23.41439998999704
25.46639989886899
29.59200058830902
23.84639958618209
56.41919992631301
52.29360017983709
53.11439959332347
30.02399994875304
44.58239835512359
12.46320005448069
16.35120027058292
22.8960003645625
10.97279994282871
10.77839975914685
12.78719988913508
30.00240057008341
29.91600022651255
24.45120057673194
11.23200040874508
21.77280033793068
12.67919969541254
22.89599957875907
16.8912002176512
18.59759977378417
7.387200143421069
8.424000022932887
12.24720005993731
8.899200262385421
12.16080018784851
10.15199997927994
11.66400033398531
9.50399991706945
14.04000003822148
18.3599999290891
3.974400088191032
9.071999927982688
9.612000267952681
5.83199993125163
9.50399991706945
8.855999854858965
9.720000068773516
5.615999858127907
6.26399984175805
9.396000108881708
5.292000163444754
13.50000011079828
18.81360008264892
14.81759967282414
9.115200170981552
1.576800027942227
1.944000031926407
10.62720014015213
6.912000139709562
10.02240017114673
9.331200094311498
7.991999947898876
2.808000007644296
5.443199956789613
10.13040001125773
12.48479990463238
16.5024000860285
12.52800014026434
12.95999967260286
10.56240027537569
6.955200036463793
4.989600038970821
2.743199985707179
3.239999996731058
2.959199940960389
1.187999999456224
3.499199927318841
3.672000064398162
6.82559978140489
5.680799939000281
7.840800061239861
5.248800008848775
1.943999950890429
4.535999963991344
7.970400183694437
1.317599974572659
1.727999956347048
0.3023999967808777
7.041600026423112
9.028800070518628
14.03999988106079
9.244800143642351
7.927199962796294
5.40000002074521
7.019999979820568
28.94399974029511
19.87199989089277
7.387200128687255
3.239999996731058
11.29679973819293
10.23839992994908
21.92399972118437
16.30800025595818
6.263999920338392
5.616000015288591
16.84800004586577
8.855999854858965
10.15199974353891
11.90159994293936
9.590400024899282
5.291999984183349
7.560000123339705
13.21920015325304
14.04000003822148
11.49120019690599
7.624799909535795
6.847199882031418
5.616000015288591
5.227199962246232
19.65600021067075
18.12239978971775
27.84240015316755
24.53759997733869
12.57120001246221
18.07919951970689
21.98879997886252
24.32159998279531
20.9520000993507
15.4872002924094
42.70319874049164
7.020000097691081
30.39120007306337
35.70479982881807
12.54960008373018
17.21520048449747
12.72239967074711
21.01680012128782
18.09561558184214
60.32361573306844
3.486240152778919
20.94336031841522
13.57084812771063
5.309280141545969
4.895423934794962
36.97055925149471
4.363199905492365
5.747328026154719
23.02387211238965
11.39788793932439
2.840832018955552
10.77667189529166
11.2389119427462
37.27987222373486
1.18368000216833
13.03603206933985
5.05267207918223
6.518879985014792
28.49039942957461
29.38896014238708
14.89535971977602
8.130240025639068
8.226143809497444
8.708256101090228
8.894880033039954
8.683199992810842
7.000991905806586
17.29036827891832
9.256896074657561
3.797279996797442
11.60352028600755
9.307008202813449
26.67686415679782
4.474655866215471
0.6030720069247764
5.097600065710139
16.23888012254611
1.681343978270888
8.687520064995624
20.07072014675941
25.27631994453259
9.180864112568088
3.56831998215057
10.1537282949721
15.44918390864041
27.03196730061563
16.26479969127104
28.48175959952641
9.248255792772397
17.04239966597925
10.17446435071179
35.19936053780839
24.08832017099485
23.21568044135347
37.39219135022722
63.4305601939559
5.391359969689802
5.520095929387026
19.8357125496841
30.2978880512228
2.96006406442757
7.076159906500834
5.50972803903278
0.8156160085491138
   0
0.1028160002192635
1.187135998770827
13.24512046849122
15.95807953635813
29.60927996846294
16.79011176420317
24.18163165566511
21.11356843379326
25.89235210907646
13.41273591388017
23.15260777249932
23.50511981640011
16.13087977166288
66.83990357851144
3.705695992903202
25.05599928845186
9.879840124358452
14.6733120458066
18.1414081780531
19.36051219236106
22.82515177794266
11.93875210010447
9.534240108041558
9.246527968207374
28.69257564889267
20.08367969538085
26.12303931964561
4.366656119418622
10.28678400271019
15.92179193976335
10.02240024972707
23.3392323134467
8.951040116880904
22.98671932658181
15.77232034178451
9.11519995549952
7.687007801723666
23.05756767746061
8.272799853875767
18.0282242159592
12.08735994296148
4.976639964843343
2.415743991150521
5.329151912974339
12.13228825363331
15.74639998725615
15.38956772383244
19.81151966610923
14.39856001816224
9.224927941249916
0.1166399992143852
0.7473600182493101
7.149600023694802
33.43679937534034
23.38329663325567
7.583328249893384
10.67904006831668
17.61263973894529
14.3985599395819
9.376991727913264
17.86752004918526
2.535839939082507
30.27974438737147
25.76016048551537
50.04028819967061
4.983552024350502
16.40735991240945
13.38767994311638
17.86406375176739
23.5180801115348
7.572959956814884
26.86694448930211
6.281279934046324
15.3774720383808
8.08358398371638
30.00153618631884
17.50464017386548
22.85625666700071
11.83766382591784
14.49878401908791
23.10508772497997
40.60367956990376
23.57510361530331
4.445279862557072
22.64543955679983
12.3448316953727
20.40595198050141
40.77129615470767
11.2665599794127
5.425920173911436
13.70736001990736
7.888320030178875
3.983039878949057
9.545472303580027
3.581279933496262
2.410560026328312
5.348160028734128
0.5054399982327595
4.861727994011744
3.462048099208914
5.754240085661877
34.42521560937166
9.045216329104733
17.17113577178679
14.1117122670039
7.121087888117472
2.922048094433194
8.01532832247176
10.11311998772726
11.90332852384017
14.18255990574835
16.62768001842778
18.08783972792298
0.9503999877779279
0.4397760099891457
0.5598719873887603
3.705696058284502
2.051999997274834
1.492991946724942
7.569503747799899
1.814399997874716
16.02892790688202
13.17599960821099
5.458752062440908
4.734720122860381
0.6393600111550768
1.472255962198687
0.4665599870349979
0.1814399996646898
1.156896010695618
1.775519984221319
5.352479933935683
5.153760002212948
12.43036800879054
26.51961560477503
20.99347217153991
4.791743913938262
0.8251199939877552
1.230335983927944
8.667647901893361
17.11843174624619
2.515967996987456
6.262272095773369
7.983359796162404
15.77577550960996
13.76697614578006
8.888831913441209
3.882815966426278
2.457215984759387
8.823168169226392
8.812799983888908
3.544992032402661
12.58934405632317
9.64915203221608
21.80736040463671
5.672159853565972
14.51174401954631
18.56908819318051
22.97289578709751
11.10153591725975
3.225312053837115
11.2510077288789
11.88863984425552
16.85750342107895
9.618048282573
24.94713604683056
18.73929642274561
10.62028785104303
6.357311984538683
5.88384009024594
9.92735987689457
12.13056017122653
11.48083214939106
14.40547241654713
8.689247926088228
5.436288069176953
11.25446402875241
23.64249585662037
11.57846362766577
40.68575988058001
16.90761620120611
14.52556801086757
14.05728016979992
5.378400052723009
13.01702432683669
12.80275182289188
3.711743919120636
3.801599970756797
15.29711970943026
20.5588803277351
13.33583996092784
15.20294407673646
9.99820785727934
9.156672054086812
6.837696036564012
7.369056060269941
13.78944001626223
19.59552002517739
47.30486436747015
53.0193601269275
12.26016027649166
25.96147196745733
9.054719757114071
6.681312182627153
3.952799997387046
18.52675236586947
5.658336222916205
11.88431975856474
22.68864043580834
11.1283203412313
5.865696034106804
4.514399901427169
7.992864093466778
14.82191986287944
12.2169601439964
10.70582399624982
5.007743898659101
21.85919961084437
38.09376003446232
28.20959949167445
5.171040006098337
32.12870447896421
20.0707197538577
14.45558388659265
