1.097031943001884
1.395702106929776
0.06909218902829614
0.03634320760860228
3.27887249299363
2.16952311304335
17.59074316682633
1.60202186413269
0.7521830476391664
6.584333907179106
16.46354388380717
15.70913410316881
6.443901677120696
1.256369776528898
15.79349564434981
11.36488292506317
8.029893329620778
4.967095154160812
2.367822115068222
23.06239980368775
5.674024113694704
25.48555745700171
11.36168589123385
9.085705200225178
3.896168413017128
24.67168437035211
61.5710249722011
2.215247166228082
1.059811967172775
5.609234940894134
1.654119645266878
11.30771544494125
4.943870515316169
19.21521663323101
1.509722369428232
48.45192064107648
14.86260129345271
6.507468104150011
1.912585261593133
13.22333377975931
9.542561825305283
22.36055174294797
6.137342441483176
9.78771246003082
2.838559371553035
6.178079882341666
0.3247885416559855
30.71910311291752
18.28550193857382
15.51750156400873
17.70656095576036
13.66641186154843
1.243637731619823
8.498727016013044
9.046071852694896
16.63820157711241
47.79663964233372
10.73861132926702
0.9674271205333808
2.544239654221087
0.04556929796423533
14.71445552137105
2.617528216473779
12.71994667899761
0.3182186031448813
10.06155728491214
32.93940517867143
0.9608063076445393
17.15946025423338
6.835682772822786
3.99754430416638
24.0499273364744
68.89240389721081
5.989380865932019
26.03399872439062
15.77678778579359
0.4422404959133999
25.1624111886067
4.730829410188658
50.47523198964068
24.11065865508653
12.02257474298029
24.58854509716868
37.37559638594808
1.966637515724847
40.32590448715631
53.52993931938975
0.05708245099220609
5.140390511349331
50.12694365372725
41.13135750148583
0.5495217006475275
44.33083356694108
39.6524054366943
3.721566847789945
60.95607651880926
0.1240880465055064
1.17002827613879
3.242994649115674
0.1023269439281389
13.93981056347979
1.461793445355328
30.12488744924279
24.32974999394469
3.617212389368841
24.41466359500416
30.56032555252155
17.65207572303985
37.47080197653749
54.52656213955004
3.206919356926415
2.966890375608517
8.117200771297536
6.139094963794481
0.1488809677809229
0.4706648080167004
0.6766915044742068
4.852999575831628
0.4150240407852214
0.6751477746100518
16.53395942955218
9.367778755280693
70.15537685426776
29.12655452816579
18.69285845290526
50.19463328528974
10.07967336830087
17.13706840272204
36.05005362847426
18.54225581529029
46.92217143317144
0.9054093575127226
11.10274074351515
6.004880101133758
1.853501235935164
11.92238879998662
53.9021607993403
6.745331401365837
10.03140083103095
5.627399919298586
17.19202072754987
16.665499098803
42.66647196470349
5.555653025706983
9.63631203782858
15.07763664235173
24.72072989248154
3.130579288400908
0.1637793185201816
0.1787250580268873
53.40728821731776
0.4749396438056441
6.484608599022354
21.74204871884631
36.45953205504551
16.08998239153474
2.363164730361905
1.299474644867846
16.86359634477506
4.747376158857024
18.5023527985884
16.73498997379971
1.764669442845604
4.184722129025585
12.9455690758093
7.883451980901735
7.85118552595321
6.292857648775901
29.05463728525077
24.55062464837425
17.28080953719141
7.406573995112312
12.95478946376345
23.36253181805535
0.5904369068622276
6.882849743468154
2.33956512539959
43.85392438091611
2.936484537356478
11.42252960047802
1.11950056580589
3.247035416853955
7.201604935420711
25.42227372869565
13.32703016497232
12.12688646908587
22.01364720665207
9.483675406957953
13.94758681639914
16.36194254541193
4.094729181085929
1.032940526290904
29.65476103175065
2.452069706587628
23.32865251982854
15.80882888665404
9.070681099801558
2.613673922615607
1.722096638899455
2.010403169572281
23.87266826175676
3.345781134719942
3.981348662494596
2.313306273207048
9.714768142912501
20.27322696760331
11.06740646781357
92.22690316611991
1.205820477084123
1.601894703557544
20.5797450422899
13.06308465137195
10.80274297953276
16.28253361798794
20.79387074566935
3.380738600337925
0.4354953841328481
1.229370442261235
11.26602207267524
1.308205485581711
1.71560576687412
13.65878083918933
6.49642327753339
18.65769482755749
9.465010353595346
5.927387557292065
20.17403230656351
0.1940335113660215
0.1145847940285838
3.739220834548016
0.2515474282819626
2.895293894269992
5.502037060750938
4.890356978718988
3.642935678826408
1.094604966488724
3.807563240092919
0.3965358791266384
2.503857074990981
2.198542567608593
2.743776412750671
10.41596087450187
4.04664570507224
3.866644110760059
6.736774670445149
10.56362330393681
4.774555211089117
1.338580956633965
10.8348587724146
18.24496890609117
8.911170315086677
21.9670008668578
1.870701011721938
1.937084667574875
3.383033687480395
0.9426457534923671
0.8982751279357972
11.94852825439719
5.557903740514229
1.722239235543102
6.394257587562675
16.75933926087171
20.9498975403799
8.149868402269355
55.47425002664664
8.851470346334951
14.33573471586701
1.592088469976107
4.533252781599779
2.522552309049791
1.508586062836308
2.035176983968856
2.61554890535007
1.432537940776083
6.252838990280602
34.89445202470596
2.727396783070091
3.535890417548045
39.58700238982017
15.15887419132408
0.908503196350013
3.981687516733518
0.8564424543672634
1.417122108886271
3.192763265220752
38.94352814334819
1.502772085793577
9.444871564633614
2.436696429518241
20.91124682526616
1.42575844504534
1.616778321710487
22.76800196515512
15.46414158491546
1.342627238165636
25.21395216823244
6.485301873954013
4.90461891734108
6.164889606538922
4.611607500023806
8.375504269730534
6.687849991167609
12.50900979791812
34.6637449508503
10.65579073782252
0.7917816854565675
1.465325617619456
0.4233620185201505
13.15067827556694
8.098229545703282
4.889389351371213
9.283629279168842
14.30771108166897
15.44004055793541
7.975699427938973
7.366978264564151
2.354626248293525
7.148634397433606
72.01531483848515
16.02030091180825
9.301104595073395
19.5021864655118
21.27034301836248
5.623163986675021
10.64449298262679
1.540421450604798
14.31860426964681
29.62534232962662
60.39016855835486
39.85412905006282
27.77842704772425
4.506337519704263
22.94290293784775
12.13721401756005
8.54324390072199
50.30750933382248
22.01172325566946
9.011997006258511
7.772739334825902
24.50995811437101
12.0209738193666
39.62685929566231
9.837716282933091
84.63245898627862
59.22004280807425
0.6500188374218718
15.05754320274188
31.70192980358289
42.04046780209515
17.14262337924092
1.148925522297322
1.250661203856647
12.43352838218396
3.703264886709869
6.293489754640895
41.58371517017069
9.32520666355312
3.869429922800943
9.6149903965088
2.509125637165596
5.691937677060418
2.580472129623862
6.627508364816879
32.12402552188182
5.731605666737652
38.37959095568759
6.924160551895117
11.72621422477059
8.473559155700583
25.95473595309876
10.60039465188126
6.652711570301774
18.58878534164056
3.644228285107652
2.809796494964469
40.84984331842027
37.9001193398897
76.96384861197043
2.956754512871915
1.261432844690127
8.468439884433957
12.17710725605421
48.10821081939738
1.340384202247157
10.55955814963487
58.95819308769348
7.521416250321621
7.718394244171431
16.43056138628772
33.17884038378551
12.82940412811883
8.416504562388269
5.291417811564487
0.8414301566882969
11.25211488741917
34.87097223503756
0.8505572991547041
37.72641638814951
30.94601143432227
1.550353289277445
1.842359391461022
9.817518570930796
1.642023323482407
57.59049090744375
8.715188544372074
70.43242926221177
32.8983059218838
6.309780154351054
23.00273531622405
34.14206709804711
10.03251086356079
52.03914674862384
34.69292249647852
28.7305426648573
13.23537009347039
9.902878496405647
3.785403570050986
5.263101612231937
10.12248205728799
13.88437121952953
12.80105594660295
14.07938784953724
3.741171099111307
0.5698567474861175
26.55288755936014
11.76612402948903
10.18919323850247
2.738564107865417
0.3267176321046133
56.06987656795233
48.15035569340782
14.31821106146589
21.36177281616278
11.15349797431344
15.44285419727771
1.452383398574893
33.98859980060775
3.68426872378335
1.634750557852369
7.254639998704299
41.7014888511019
4.334467776271388
7.424146848139687
0.2718849776661255
28.51200110360801
11.78573663282664
22.40733689217021
9.60064195360947
42.03529703606737
3.20066470403463
3.770934496547599
3.800666147168815
0.354097029864336
43.65738886915861
13.58173028916176
16.41228455743782
3.694676679525951
22.0575138238197
5.766921886158908
9.640389595346914
20.82489321540997
54.79446080526096
1.750938801902109
19.85375925683469
5.197478581603854
6.555047745531131
1.503583642027132
14.05734100696802
8.400557663518109
9.639558769936453
4.746056642404711
42.31029619614768
0.5378724474560911
1.085315699338538
31.21063070101993
0.567407826063866
10.82666745418634
9.086431600964726
8.415300639048652
4.683135242199285
8.446368480746267
51.72168327030565
6.064910289206348
30.48361003005841
4.733634135354134
12.80089433383086
19.54772761090292
4.914207616013198
1.830832673734072
2.528043080628554
3.236460606094535
33.23089744372478
7.319237202948648
7.240389090265475
0.7832642819376752
5.490124073638603
1.083747985808052
29.4515195833071
0.6292767917720536
1.077326856705885
1.460696714170621
3.047175695722029
23.01693629040588
28.67847980206814
21.32642954650039
2.671216761132705
0.4211652646871028
0.5426777943366586
5.134421142765319
11.70982501694016
4.745264630369801
44.96755256783297
12.87728162772845
2.168385093328427
0.3432962929211645
0.1326514962181012
1.224877061505404
1.390978000229538
0.158460770656901
28.70923303286724
14.42515227956103
1.154889734055998
7.162058061362051
7.391845168583435
1.320207589395423
2.146814593784295
2.286810713964261
5.012431232873522
0.465911465730217
0.1764806322316345
1.31903278814805
0.2608367036090867
2.441876463601824
3.367946833107927
58.14357888349535
21.20188374410543
59.29118549458553
3.391232017491023
2.42445452080411
2.338171824525101
42.91865976928861
17.54850835585447
1.830815473940687
44.42559272925138
16.58491905278852
43.57882836093063
2.704537800752833
4.23163014685715
9.079010301379153
17.22489557859526
4.947677571271839
1.621334058911971
26.24650421958562
27.13778573797331
69.40857036956444
40.78438092175185
46.42734965067542
30.86609537136856
42.20648542977909
30.45180271110188
25.05080661780919
4.306286569997614
0.3669571830764323
13.39844037420652
2.442790175643597
5.309045332231688
47.01135738646516
11.50435993008798
30.40875088922211
2.91999238698132
42.0230702597292
20.09300373996051
13.57463981933245
27.0135856662657
6.367897106920193
11.06406386500675
45.98998354962308
6.398697224878021
36.01291942604572
72.60079671689495
73.54074738841453
18.83106420169773
88.27910960058287
11.09667918275199
8.621221780164232
33.28264430523383
21.70255225186168
5.283003342690266
53.83604064785797
9.21394419983176
20.49007446634987
39.18168401810296
4.166300395835719
5.670934623603221
26.97293335822269
3.402500140014784
12.06544363939832
17.97989687422579
31.10188993479802
35.63914689772523
67.68030770546919
60.31535532117743
8.645890853772553
9.646350553374957
7.356159935945598
9.047762022240518
19.75733939344169
6.446815336007671
3.904789672188996
8.45783047447293
14.47823783544742
1.186999335958055
3.163827897950831
25.94465576666865
22.06713711156512
16.48279667627192
6.542421565443373
12.21484908319343
47.02167024081638
5.393519312821865
5.414328868885606
36.34393283184695
9.023538864011453
5.420144672226022
37.62899284309982
