3.927161032587168
2.889851369682999
0.3792862519186019
-3.717676942800542e-07
0.8032804954128532
4.806669762376046
5.873628625229287
4.01400907536755
5.855056551293003
10.15844049914757
18.87049503638607
41.44447896608877
13.80603454185115
1.954285430368188
41.33912748643954
3.120762225657888
6.810890745085264
4.4511111692498
0.4831004345876914
8.038653182918804
4.545197231684279
13.14085264006792
3.42172714848161
2.584952289297092
2.699637129218016
10.44262907144622
28.47332038566452
2.042638676997491
0.5643674234557509
2.188450467996826
1.207790968819301
6.325402140112434
8.558065117561688
18.28799408260685
1.30039504030096
18.05743337701391
8.654487542085718
7.936115169714168
4.158996540649528
3.864281080697052
1.425941668157124
15.96567196919592
0.6701799711859788
2.290889304962025
0.6864067293816125
1.359361075516616
0.1270263772274897
14.12682668100919
2.125858120038028
14.60446757340096
6.108589439804043
2.153183724623639
8.302026223752659
2.351172684518097
27.21735776211966
31.94416352492372
21.17698398028422
2.718639229838514
2.398393776079651
1.177058931246441
0.4127217157872993
5.792460061272931
1.335658909458668
12.22071859970953
0.6247890958634487
3.670627691366294
3.402680157142392
0.6419244958641028
22.60730949142913
10.38289198461646
2.977328164612692
14.240115114246
31.81095053904271
7.433298198055704
17.77649039857169
16.89731936111842
0.1937677160188196
47.09489274126219
0.7402698701821611
49.84568607423849
6.429632743736768
3.510337990955112
115.7297118262542
70.99807904649363
2.84087530261531
115.7715307484301
25.47251499206728
0.1982406928522586
3.897291926456561
25.47289101574795
64.46804718169835
0.175593819275659
45.22881956362188
23.00103338078612
3.492650253500067
44.37145142801355
0.09150003975036151
1.612452907576968
1.181493693773606
0.0001074314653886769
3.797791054467147
0.6745076657387185
13.41632163286936
31.96296317431909
14.46852428062985
39.89412838244722
21.78615577571057
10.00860891728823
38.10872038881222
36.83842849337135
18.42880363324348
10.11000232377359
5.075427012629553
6.545266995506127
0.1390613839484357
0.1846796131092791
2.692041641855998
2.966264149347948
-3.539888083302003e-06
0.6525710543973955
41.71761800049863
19.7968730130424
63.9042674599993
37.75836091911415
0.502029611737525
39.19351993913583
1.849856197262268
18.59670326342367
69.25709532247903
11.99382328047829
43.28352918096756
1.29454503050086
17.08794099422938
6.619208606605946
1.279225926796285
17.41677750139398
51.16405023572408
2.059845211953307
13.39127298935014
7.49313316614958
55.1208132645738
5.740296645822151
41.33786357295249
1.686001801703462
9.789373097365697
12.03809660436166
19.37896080572264
2.548547742024471
0.5539003260082598
0.01981951070985202
48.63773934719564
5.140214844930147
10.35025966841784
10.38313317562124
25.1923070237305
6.98640895226463
2.999264608795428
2.049365594977062
1.520234750255437
1.341155629892919
16.92952503239491
34.22271606349264
1.461002698472855
5.183722871090692
15.19674291233168
4.275389226029586
4.317511033666718
8.308142978393903
27.18739696438468
21.62540858700372
20.74157001077514
3.024856678375533
7.444947449785235
14.50039236511619
0.02590275134585137
12.30655365137133
3.030694488998398
44.47699496135213
1.23632836286306
1.213300089769207
1.193044857934721
0.6631065314373755
3.464409730462755
4.361900789807697
4.660307566949965
6.025445466125169
9.138936313894533
9.619213604796192
9.959281306421046
18.06865196852742
1.614993955785854
1.86603092958234
14.47976151684976
7.655303706360985
13.72667610744212
16.18337690327362
22.10085388072123
0.340230561986074
5.822186529449235
0.7054027834850617
42.33123572393266
2.403475515487459
5.343113926099663
2.00935755113408
7.299500022972738
50.81864803819794
3.847407408785279
40.30740912189895
0.1022460679672967
4.786103500943671
13.27352884319798
16.59958416232486
6.351072414318768
5.757235827590248
6.09934222254816
1.064167076855101
0.2492145091839499
0.1186559237979698
5.577995093080967
0.4717973931280798
3.349205208591067
15.58055646409828
6.511521788961826
11.55183696926667
3.50088753306237
6.127488900927617
53.10131415070711
0.04097550350228811
0.05353527437322914
0.7439800929377741
0.3404061851080603
6.681423717739492
0.9767258744462041
3.155996023875029
29.21114984550999
0.3857606066865105
0.08802253524468351
0.0190457656422368
0.5845673641983671
0.03169328383083334
1.282672274316714
9.0613126157773
1.44752951156295
0.1506541122295117
1.699837925474501
4.894976513569183
0.07688074439060386
1.540365698606351
26.96117808009648
9.078357556492861
3.419673357635987
18.70125507109411
0.09281187533704569
0.751118682058413
1.3352084808864
0.003334777872559323
0.2728478373608348
25.5136227798903
0.6513534798560318
1.067413312276627
9.574621389399111
2.726066638595604
5.620516278445495
5.118009015262971
43.75088154060095
2.815300495952981
0.748403819094385
0.1156974966990767
8.508528942953319
0.7228628211315604
0.622140051496581
0.2535084839079728
0.5546643200463478
0.3459432170839712
1.627355773545656
95.13699650754759
0.1951473171562879
3.538979266337955
29.59607132301971
6.45577922747147
0.04630790117115857
2.408115233392799
-1.195180481650125e-05
0.1249243309777855
3.588538873855239
15.93606460208739
1.046980505353501
4.309011205629369
2.155242231917088
28.29823347765407
0.1406536761116096
0.7840343843285186
13.35318028082315
11.21313982267551
4.248963319225771
18.10455130529547
27.98137196841642
0.3748098082656788
3.113566302528237
0.9950432062646964
2.021575026112185
1.041785741054506
8.904908789006592
18.77266183388514
2.815417334786706
0.5176329773301133
0.02843610175973039
0.05024822130204916
1.911532323368591
9.695860571260246
0.9686390913590218
9.774388039593081
35.41826732705083
2.315149782450826
2.058972753358496
4.181821936890345
1.940141754247433
4.71823648415985
164.0885892305663
6.750591277456623
4.338302750892977
6.807083204655858
13.00808977356874
4.149519831975796
9.139039391135807
1.288160071764969
34.4001231478492
28.97108516669497
34.55200290089202
12.06716093052304
8.947048122240057
1.044334032833909
41.27762499620394
6.235390295778423
3.423755854090734
63.4338643133379
11.37398657361878
5.638512834601542
6.101637667502487
21.30958394909498
5.103632994439908
49.66646822619181
1.834337110591635
59.3013457817007
52.99892274998836
0.1284168168009235
12.68189222255029
22.52674344078902
20.75449220706431
7.975118009240633
7.390888577107474
1.116820086263096
5.291675946776562
4.232753670218661
14.15973351546264
11.32246045193125
15.15035108716429
18.83142547798241
8.770942699227501
1.027056068006105
1.607626213134092
9.564369804914399
18.92655098790807
12.66153845228277
4.858453030446086
18.44104440790596
0.4797403248213544
8.266441063469472
6.147113662393401
9.686919999472689
2.582602747623495
5.408994592886016
3.471753934508054
0.9342252609179644
24.35801169703662
56.62038138148088
21.09308113817427
74.43097621714527
3.849018759780858
1.021378980693785
9.983136522935434
3.658479689380813
20.626391535822
4.210182864529821
0.651204122939456
71.83112607311236
3.938413162789087
27.29461373401207
5.511187954321363
22.41523658817891
5.851452678657804
14.91028313442246
3.595876142774752
0.009749604586470534
12.99094283681227
13.45755803379309
2.396917736466349
18.413819731396
3.719158054390626
2.959946362197249
2.326807889062267
5.647517873562498
0.3547915236766667
42.18319830733633
12.31882417862447
38.83566300711713
36.3618845206764
7.067365414253075
20.08197878071874
79.44478724917519
7.450564329391539
55.28438897836438
29.84455877039206
50.46949896383187
24.50062324505099
4.135727791182126
2.344644852153241
23.36177046317188
20.53478205155554
17.04748915854704
19.97755313433263
11.62870635064256
16.53424363004311
0.07128421075461577
53.89534956627855
18.98671216573498
5.354448163355868
2.525828489802229
2.506804119722151
6.528148660248825
28.26850414648291
26.05458401012763
12.5164000870266
10.10850810052433
2.875007220670002
6.876508351774367
37.58777509338154
10.33942966475218
0.7772005578282344
16.63190871146756
35.11086665927919
2.002972206600635
0.05642411391021839
0.4419555919723877
15.59325036422602
11.34804707597168
12.82753116705252
1.420907258864824
72.43522735148825
1.438301036072371
3.142488579998645
3.766886671683312
0.02944962324572974
10.00016693958272
9.606705703132418
35.19310244407524
0.6918105248156643
4.84198000958124
6.176367933696135
10.38451352381388
18.47478642841852
44.95016894313319
2.665731345459554
24.89213431131007
0.4669898400021965
8.824030915729193
1.493021728348391
14.06671860524377
1.175911054272327
27.72821626090807
0.6592115157336159
39.24444194686771
-1.536607144171622e-05
4.761595320055512
30.03963453724219
0.9476746734477794
14.54091783243229
54.87424226530612
3.422845253755712
3.00116382748852
47.73015021984048
52.11977423427565
2.677478726302219
14.39589219617563
0.0443292361396142
10.5659245051261
17.81449798188917
3.25971139866505
8.731655043931617
2.009732843825808
14.00056172900406
30.14620953846694
1.270350619995611
4.303653600373948
0.02569810022375477
5.469810133734454
2.965483660512871
14.76127450874161
1.360812427831998e-06
0.4444441503577213
3.297283555296787
2.952319807385705
8.60968852018523
15.62551736182246
12.04593600204726
0.5264750899218682
0.5142345373094824
0.1824276905785827
14.7840226237254
4.775992178478633
0.0481619948357532
30.27152616439822
27.4640642313752
0.2486516263004205
0.05226098424707449
0.0111635298327117
0.1121201772674379
0.03298446680399975
0.3901665721719844
1.989794235429851
10.61442922825197
-3.516446957305464e-05
3.352895418819867
3.809646171354478
0.623435862780388
1.567383363749679
1.640346204013661
1.425724134259408
0.04740579755853461
0.04857764954297494
0.05910942497666826
0.3338871305606744
0.9979114527776739
1.976771567988364
41.93060752058735
9.597784632762194
42.05435972477148
0.1413709645051096
1.37305623384751
5.07469268507099
22.23709428520555
2.434543727991036
0.02758104557413023
11.68222141985629
13.6569334995946
64.75920760383805
5.488240541827651
1.297059859912928
1.502760858969976
9.209956470392145
4.110300129249363
0.04110542303008152
11.57562770901742
8.096623351036401
40.17012446872672
43.94400348680539
41.75317437948237
10.94493226784329
24.3860850234309
25.33990981396123
29.2152504667343
1.952828342931398
1.425253402542029
6.605374717152335
1.0818649484172
4.08985429710612
33.7434953591012
20.18177811746965
52.95060633375219
0.5584039516195798
47.88097140046738
32.28446222904713
33.85380092020608
32.80124622260669
1.704563765244191
2.925937690183511
29.90586051654953
17.251899156065
19.33157396025925
76.97372784982107
92.47273503958949
26.67870904921785
55.93550824253353
26.43793703127348
6.655869650489569
66.21441839742131
72.81573582981846
11.67423785842421
100.9621371563839
12.51576276981872
24.29815376421463
43.85558342979883
1.728613312909208
24.5661460954713
15.41150433831863
1.345888871666738
2.576661852110599
13.5169450589827
18.93327913404967
12.33386821168078
25.96008907997449
50.28956609258063
6.402806068306111
6.868163955173647
2.973944752553434
3.822812293116722
33.16465625939585
12.45573599570895
1.970821591562276
8.583048969241263
3.367883973588937
1.023868237038039
0.2953477207263504
22.43414212309474
10.05794298086396
26.45196781592871
5.723785485964584
4.859039226741742
67.72322567701464
10.41242149048421
4.948151066641794
27.73530185082202
25.0800909977955
6.624327141864005
5.198097958668232
