0.9665751945863498
0.003885302788774078
-1.248689527564259e-05
8.306746274193561e-06
0.5141769733312722
38.8660502596257
59.57840829077573
2.734957176612965
4.402633375352389
14.75146565496966
17.28474212539918
6.950205546153411
5.815631258960877
5.940594617419146
48.8995965423758
2.016841022289919
4.792488140051306
0.02955066965432862
3.181783565305934
27.41652426288471
1.686611767958824
6.68481057908645
26.12810935430084
0.4703436961889368
10.23388671336671
2.088775871719904
35.00824746718828
5.497234086986926
0.3889059508873735
2.68829901021661
0.0008537569166817393
4.872983958902563
2.708024375523665
1.349154551990802
0.4752594555083975
1.291366151482598
12.21591844962121
12.57033629704185
1.412028476437929
14.87272915358624
17.31602543303141
0.02321882825449512
4.399452496167799
1.989756141304339
3.157250058001059
0.204100586572895
0.1186052934905368
28.76791148123557
21.64147445606832
3.994388985837113
19.02890340601179
3.063388883186517
0.5697914741128268
6.08121640521225
1.68474994220301
22.21530925853724
0.5624184947733054
44.19339268820741
3.711704825434406
1.173885125441422
0.1007712514485775
20.92109545898045
17.30543896637552
15.98506400605591
5.079210445444142
4.482622606944013
8.87772427293951
1.117541759564624
3.225037060391626
3.093262326336129
3.036777827086998
50.69359898235203
94.99108909662425
4.566466246450677
12.64695923220098
1.437253840055704
1.022015920640706
13.91576531325653
10.8470315278436
28.82190626558025
10.72019240180296
3.743901529164513
4.939474359583009
28.13014210658287
1.480175141772218
15.74699738326577
109.4655388988504
0.8576097050145188
1.841485452500419
27.74454460192024
34.75304814296592
6.189900741329321
72.12044444650788
4.094679469532288
20.69942043070471
72.49519469274678
5.284319028171261e-07
1.844828966223414
0.8063685034178799
0.000385956483542163
12.90723164278895
3.690271591890841
6.363118410242274
15.59316829959072
9.541260438366914
37.89140558729171
47.30654771884826
2.867849625471891
45.2883384872295
20.18936366368161
0.3608232487206571
10.77394057896135
19.94506063626378
4.210753059600842
0.006292327648455479
0.2418004952844387
1.326822719301718
0.01089798037443686
0.3235660010049827
0.8420162555820455
30.64154151149096
24.45275899699972
35.63939871232483
18.38213052125486
1.160099376193263
19.75595680475983
6.890523311298257
12.13617573538894
30.92371305919243
6.167538065081976
14.93644650815471
19.26131951621543
4.40220142246018
2.017783445183511
1.769342282619465
8.975004149248923
39.70463208347815
14.00683539003172
13.74332903845097
35.29078361332046
12.55060265243935
3.410241103298281
46.75593517581159
1.175412280822584
31.28397699045365
6.760981306968993
31.27888246521525
10.32556612765976
0.5458246472125066
0.0803792295000457
15.07828031069623
0.4587893779874163
5.784239161803177
29.97350998159899
6.63106867683874
9.708916851692591
14.51562248156845
2.560674901723126
10.33458467439626
10.49028181912813
7.502091773300993
3.700395072042737
0.8933518348899525
2.95835005018996
44.62714696166363
5.414309928289973
8.706107871471039
11.30662219823805
43.26278853537742
3.263987398704765
26.00755119478133
0.6987063668619955
2.575989956996613
6.344671292754761
0.1402795684978007
2.167417967851737
4.598833629193158
5.14183831344527
1.419036632741761
0.5809969533368756
1.069798444650438
0.6441563614579664
0.8941834863975614
20.90012762889284
3.734925880980026
1.765965502148477
4.07534466442512
14.72187584640364
15.43381291138243
4.868604869066588
6.990402596526705
1.243348315487235
17.77370267772024
12.38683815645325
2.576988362652393
7.588292322123997
68.43002498631198
3.548905758069358
0.4274036439514993
0.1326574242997163
18.22752625099045
2.587547294532708
2.985357661736853
11.96808322938923
5.849826823374667
16.94708394305173
7.998371009636428
34.3750362101441
0.3055171736307382
15.53676606125797
8.737544142849803
12.89720065286039
11.85952934689734
1.243794916913268
6.420907443362853
0.129310841192147
0.08718437283490399
0.03839484607932851
5.278986556630011
0.6718372743931402
1.021091084095409
21.35835591662341
28.71660460565639
3.98612463144401
15.00287030404796
0.6102577838217815
13.19375338652537
0.9304687093616015
0.3705855171037029
0.0552978156959131
0.1692366144372966
3.170982723789876
0.3753815142789058
0.9038653923609038
0.1947141609926138
0.1732050037957074
0.07312662504722418
0.01625120716856534
0.001023395519063075
0.2248087287479645
0.1557004981657623
1.01603511642909
3.238588755577167
0.2196316864971581
3.148498528764284
0.0423252146464341
2.355330152308685
0.6512384195813005
2.747820134223289
12.83151018394165
15.68964429895646
7.390114603718986
0.3480225397928964
0.2823127871317447
0.4882012958389033
0.1330599920112298
0.3714380418866544
1.250786398511955
2.088792291599952
0.2199625483888886
2.148353583840713
14.61057739437294
4.487325183051571
17.1245944820406
38.16041125989782
10.84708286711632
0.0458236748587807
0.8693903516560526
0.2090154352975215
0.9735776648301736
0.9867047730900588
0.2225832406947218
0.7302252738239375
0.01118017005724194
0.3205637039841609
0.5427685203123291
5.44426941759779
2.829740244117012
4.728542302311399
5.076655657860555
0.5207736316220135
2.465675508187406
0.2639623199575406
0.2831608448562622
1.279535888056241e-05
7.150307831451308
0.4551606036975774
0.07855835266642729
1.440013751153788
4.100768955653204
0.5807337334608743
0.07674662485970857
2.860092907917936
4.249744424184631
0.927032101648233
0.7893707011576775
0.03628786251799157
12.12602927260017
0.8883364718119258
1.249627751948276
4.350481425513067
0.5730223187232798
9.799295690685042
-4.939540948959038e-07
5.685961781105397
0.1714696500346737
0.011408254014992
0.5075128918966696
16.96678056430115
5.654353654045991
5.350993811917887
8.207714166579153
11.25195533798534
0.6266197450152742
11.68845379731903
1.678164976170882
4.543074145874443
0.7916563723276827
65.36857002320637
10.64327881748594
2.145893036475979
25.31133231238006
22.11674798094406
14.70470099913395
3.957249145623283
8.540178293651056
29.20182640902441
38.75965835706045
35.73132336816155
29.35732175009936
12.73142906366406
21.20358994674085
25.51281034739102
4.716501812655341
5.230964964314015
18.26989455728352
3.093258053925938
5.412443265385142
2.414636708199385
3.558466604043958
5.786164809254561
32.3123166436498
26.93539191653751
4.962481137400166
78.04707033552349
3.891269589202017
3.723490961031326
21.87925144193759
4.625299704491091
9.257332756681528
17.57440849023207
0.750779991118109
1.210341205482846
3.495761352620314
4.707099817682875
3.566370212501491
0.4840959735291281
0.004649156928346587
2.95484686647593
1.009387117751076
3.004433310073361
3.58662938954628
10.56269939323777
2.900269650389355
3.047468055949791
36.01025259047822
23.30933836140298
16.09132298745487
1.82103716714936
29.94026798779253
4.672803982021896
0.1855071275397754
21.80420893750365
2.714459296089641
3.056314638373336
15.69588368796051
58.19296221628333
41.7124397290921
9.098573401466496
0.1572617398680309
2.582971556043521
9.585740538271747
7.90238437142857
0.980835366276208
20.13498094227305
34.54521318638291
17.2670602952421
6.957680224998476
11.25320212961106
91.68447474642018
9.841506582745106
45.82740974511002
8.383594526746341
2.680536508457061
82.9542356192714
9.151459602462715
1.686016149382154
5.564316812531126
24.26134450668996
2.963594325756186
0.04323257765656374
0.06557087391143954
0.1787817460665304
8.525996571016638
1.277355547427533
31.12284047859564
34.08673362269079
10.25560606438369
9.247992322231642
55.05981351111021
14.96551768267734
50.36961818350731
4.304085550651394
4.438032370764706
12.09338511466108
2.213300125099397
5.922842220059571
6.538282896277232
2.753588410869421
18.02862057426481
25.92861734465982
3.228013407145087
11.39951252647275
0.6666728327689759
17.28468114974881
20.9195339751012
4.949833436374616
7.292688728024605
0.606903115019379
37.06026196514337
48.15069316091344
29.29333352137634
21.57513913795829
14.90494094349561
27.77759166154222
1.741840357793407
31.85573954416512
2.850905106607238
2.501702176211441
1.630880623833239
9.746409204432075
0.5768457864597386
0.03828958424402128
0.02927379044064708
14.00298786920138
1.894954090538715
10.9715412872968
2.732323349994144
87.67380544255073
18.18197364035894
4.914756096431209
0.1393565828176792
0.033001421152186
1.766768549106698
7.924474798286989
10.44513069608313
11.97175986569976
7.266726186238726
11.21114461250956
4.844702506053139
9.397731093704502
37.02939687706453
4.115058631324876
0.7447813565574544
8.198584035783766
6.42488313457256
3.238591527538965
12.67880655365079
2.565324141388611
53.63580338738056
3.240591318172362
27.76228624644977
1.589813117655149
7.209051832894247
4.291759642771387
1.113287561414562
10.5851947400364
4.062143435846796
3.98160177201482
0.003632411379839199
3.619855321406811
28.47017964092755
4.939589180009497
43.42432883922349
1.806716214285612
10.38164762208389
4.313091886872012
3.339182891410163
3.662882844678361
4.243847600607695
0.1051578016013765
9.340047936067291
1.387391075500171
2.474223471938736
0.03850969532042637
1.60675130383281
0.7774391478599532
3.76041304904793
0.03448624900422628
0.02185964067130704
2.287995557742285
0.7842665192965694
28.21143314422005
3.465323789608552
2.106157118448734
1.958462612335318
0.4312382526656867
0.6316717956444546
0.8189802807219324
14.62189178020419
3.636579225570785
0.2921494376936082
0.9568850174857598
5.741269643295397
0.2104002644189733
0.6456469503564378
0.3618940064660662
   0
-1.140630378500094e-05
0.07281631512633222
0.3510226688759792
0.04430939420434261
0.6125630263226315
10.80949677856027
0.432131987551934
0.0110391144231176
0.431529484794649
0.3891971962307605
-1.030774746054516e-14
0.1195606002661993
0.1249143299120237
0.0001038925950497967
2.546189235870928
7.183017466416803
15.6180793589664
12.42138663798514
14.18893816895413
2.194358029702463
0.8622700018945189
1.593614935129225
13.98513093358514
13.51897393890114
1.267276232830658
0.02386416565660046
10.65608211241474
5.693740232857998
11.52755619251778
23.57334016647187
8.393578924383688
10.0101368493203
1.533958188415019
0.5441821497357759
6.356930599407451
0.3092050703461656
38.74161442022563
24.78683662680474
24.97095280017556
6.599933913430794
9.566299940752732
17.10085336488178
45.14175565435756
3.094499413559387
1.321337099398814
12.93124924950879
10.63294008422075
4.676214200987913
67.3105458622727
1.669254392895516
17.16939763680407
10.1736845407759
3.369013883483325
31.77261483642638
30.24257931366261
5.648279149407923
3.839362531009941
10.39864522551383
2.087971911774155
7.643006997362849
22.64377556516042
63.45230870931297
59.68110045654854
27.8865153450927
77.61509959331075
9.025575816592728
2.749315592003502
40.44709596036554
24.43667834965703
7.124240483540797
84.37072293443624
16.68564346792696
10.93738049765236
3.847289002335951
1.328722860915846
14.00251905362933
15.63181348857927
0.05731102913863953
4.907714422442329
1.385512465652299
6.99797452634737
9.22396814169403
20.60615058031467
14.62182180611607
32.27667440929736
9.767569683878236
7.457491829207554
0.8834034456317419
17.20022681844753
7.244897760158184
10.9298459149566
29.92593733897391
0.2611242108647866
0.09666622767712807
0.01670016714509612
17.45280642047404
7.116593442951419
23.2139060141243
23.08029316150616
22.39809977453384
29.28233851410783
16.12032266375257
14.58990680808393
7.045547402396842
43.75447383787914
7.113328174577745
35.20680359718939
