0.002032834275622226
0.4004984341228423
   0
   0
   0
1.144263761601522
2.871282645356111
6.861847554954426
0.09445952026878489
-2.712252474941295e-07
6.457905264628142
0.1845191525060404
124.6135703886866
42.14176880580406
18.13540284456153
2.965382545401156
2.707919315289951
-3.63072288348281e-07
0.37015090976163
3.322886589993908
4.737594910356146
40.04583691987476
30.38856409271572
12.40190067305343
18.315803258235
22.47959214450005
33.78089372267915
0.6429099957307975
0.9809417247494417
0.1586096460322208
24.34369317642717
0.7423439216121834
23.69218224386311
11.42581684829687
27.10168718284514
2.121471773614107
39.33349358998882
116.2790083100008
1.803944826062277
51.33026539123516
6.026730571529757
9.926359262461089
24.76713723759806
2.090038430493844
0.2457385744604081
13.1987362850042
2.816908234876856
115.7938815389709
26.51302098281135
24.32408080219018
9.560434130400933
2.656180182499358
3.596106456993874
26.85296037781524
3.124060337854237
0.2113152827578699
7.291010196004291
93.69532386755014
9.592858797883341
0.3595625463118546
100.939369459361
70.67602419863955
2.496956211179751
57.79052830824326
10.27927900406594
33.28677809935677
48.46104643980578
2.843290244943478
72.68817687040369
4.975202461838873
19.5712129057586
23.39341398759854
82.89138941018493
0.179868254308162
41.81042561761172
20.13433866179585
0.2191434671457353
61.65685646662199
54.73426235799857
21.89918215089906
7.062520852106847
5.247898363143476
5.841453911500739
45.17859158399302
4.450223931073026
174.6699498574264
16.48680055175218
0.6658906573452539
30.98330212068695
39.13292445260277
8.935096700793542
33.44973983031248
37.1739617223305
27.92921430266885
1.622282653285712
32.7178201761438
0.1360533437992059
17.13258878193081
1.188218653538361
29.83684517246244
279.9476516605004
256.0519698152351
67.17619463012294
7.741778029742259
1.787174986882508
58.04715722535686
20.38876283701602
31.69739877829511
63.85547881338591
4.981202482380019
5.568233463626452
7.065770888205983
24.41468901144626
45.63435043297164
1.726314233039507e-07
70.17458744211633
8.222160122568749
20.23486487553401
62.65444677236771
17.06983500850604
33.83528333973323
20.3515829233454
144.2862220698229
45.89408114143318
17.13975798407202
8.826689138004156
6.183177003127909
94.78813035352677
43.68908227216303
93.59546139054554
1.463699380159517
24.09009908940879
8.388456068951694
5.258123206913457
0.6867110595476136
10.10418501379143
57.73390428490814
4.127333959728937
42.47386026029984
5.699837255018136
51.31917122118831
2.133130164047635
37.39893355652452
10.14778117184606
22.50055538622695
0.1783412038924156
10.7335200907393
6.539500861221017
101.8977180019166
11.85842906044569
76.39042612672301
35.98997983694478
4.016207867891393
24.39939864459645
0.9102513427702985
9.214622626132929
154.3219343955247
2.74778285818356
19.0143688762478
121.4969044271672
3.533949986694302
6.747050241086331
4.975042013562344
3.43197049425348
87.79146303126109
46.53930737883677
22.3617293453752
5.507482709238502
18.4844414142427
12.28667640444153
36.74741279638937
11.4794849571822
101.7057317874148
19.14129943749282
2.249669210999349
154.6774406794261
17.30297501543039
22.75796131311781
31.09503101777475
0.6497252268031254
0.1783322501167242
34.21073806580758
6.260428025643151
48.62151925523786
61.59737656816841
6.351786249897927
111.5872829158899
4.8314620354684
33.91111548616549
1.051879907194815
3.735958020948836
0.5195755557602759
15.85534361280689
3.342092409873133
3.502684962564228
38.54075526086785
92.16188934551677
1.087619298141527
13.12907771340839
13.50297251464052
6.108860943714125
10.35869723097758
10.79274614116684
2.752793734595606
15.56015423048909
21.43549194260719
1.728484982506141
38.53197261347466
2.097070621829736
32.0526144432135
36.41069131578547
9.841594606578244
52.83939470734574
5.631116145299862
2.641295426370237
11.3948755464679
0.4533677680586108
3.314514601208693
1.590940377935991
32.22100925172035
7.308468612674784
7.454341034386308
15.6840075615966
20.92217170146264
6.167636860066137
12.60628995171336
33.35527919809439
0.4254740806541221
0.1441826768263681
   0
10.40278986584988
7.109399816930691
0.1133257296806742
1.467268564920517
8.30387158639558
-3.55250739909211e-09
0.02850220170553076
   0
0.01863978388626623
0.3521193628651576
24.95947015653784
3.445627994247576
0.559721204738826
0.5800882381653909
-2.010927041898322e-08
-1.837540085696287e-08
0.007452836464556287
12.80273470344499
1.761267528425565
0.1805215441849662
   0
0.08585153802118262
-7.554630863966298e-06
-1.823822585756782e-05
-3.830000323069133e-06
-4.769894152865189e-06
5.005167140978678e-08
0.0001153131275407196
-4.567902764439987e-06
-1.010616155836419e-05
-3.624169380189001e-05
0.06017052087141503
2.875508339667167
58.34145878497559
38.14815683454912
38.55561930530602
0.276570923105198
-2.141514316084164e-05
-2.41668272501628e-05
   0
0.02162490962035569
-1.711539926736855e-05
0.02554120411817794
   0
0.05979631628402966
   0
0.02829874593723284
0.3965677266193172
   0
0.0148931581575368
   0
0.04172575836049459
0.6952277172228847
   0
0.5656969446770018
0.4637417014331174
0.01261474190697058
0.01696464824176283
-1.788706255617035e-06
0.4639283684141113
   0
0.09997475139276052
   0
0.2813278424437137
0.02657525511194425
-3.083682582353483e-05
0.03235139348216532
0.04473870822777248
0.5620597829688326
9.665247535125674e-17
0.4572194127393961
0.000774408222596697
0.2344774804057883
   0
2.822335478816655
   0
0.1907991325744471
0.7337424438599867
47.45378606256535
10.11945147033028
1.274191709023806
-7.266031385199665e-06
-6.874359835644078e-07
   0
-2.348287609809945e-05
0.005413499386575347
-3.044359366237881e-06
0.01015887223020504
95.07650238594569
30.40361818914601
0.07211157065118341
4.112277509999952
11.15404787850072
12.78204723940438
16.2378346565602
1.60880066427646
6.184978298833889
75.98275040862227
25.26795257566766
115.5578132764826
19.55721897517183
6.489433653938881
25.47458690651943
12.85344849387292
7.763864490558116
31.37828700121896
2.473188648099575
1.139212373889021
1.924352793182353
24.56514345089849
2.576749491543055
93.42198064615538
10.49523967763011
14.34947224066859
53.58288291042865
56.30133547055022
31.03869178120204
76.99080484025973
17.29472223941837
0.4973133810332926
0.544769870895495
9.615562370076226
62.09343086942925
0.7207055302988433
0.1786071971558892
90.97980608264891
4.790845165002104
   0
2.322420075578051
0.2553129256681952
42.35205681159492
2.197428236837336
21.59719613840278
0.8909817605653475
4.539617386069557
0.7139234949242265
1.075986603944166
2.57730845730478
51.17328406560637
31.40640946061847
21.23995201628652
95.4175618634503
92.81469595958366
0.7086756749396795
6.719883536426689
6.552848214935267
18.77607849122684
78.3183062766842
2.776158502356588
0.0827277153245697
22.6143311258856
7.843535166991012
68.76032274033251
3.693358854740283
68.28635169397482
16.44093113733188
103.6890379981174
55.86964260168108
0.7143699328721143
51.01177140293011
22.947919115161
55.48710821961435
22.40037897481386
44.98466314331817
6.793548427990441
3.168154662003213
0.03705033278757207
52.32988628614732
15.13849967592299
19.32788721409102
21.95050336832616
2.847772819785788
236.577957543924
48.97836542927097
0.472976456701389
172.2863495817998
64.37405109484764
8.229158257221332
20.85707062389044
18.71380694544039
2.558124626264065
145.3233718029377
30.76097040165996
13.95016257945341
11.52017509197372
40.84063809892128
95.24813370974358
0.03721075012479995
46.08504227555697
27.72836875146328
24.67737528305067
17.8016445592942
13.26372384902322
0.3718802727222825
97.66721234635195
12.87764725632872
11.75901263148233
82.61227445295303
1.979106757697817
233.4560891614901
5.06270651697233
1.710873315504074
55.89059263427624
3.543874650919574
50.35963463483287
0.6170807831082518
327.493333953442
20.82265375115243
25.23876268490951
7.501689777425695
0.6716713452449757
81.1980888035193
14.92874445734295
7.277664485770656
38.96166717467642
0.05037715789722239
95.93476733786379
28.73304521213156
50.95694542636911
21.62125582506055
0.8179143654321429
215.4418412349279
-2.149467393860633e-07
111.1317635116606
18.14271825873433
57.30613349118796
95.58893643283025
6.048658218474081
0.651921817452529
36.90703696959072
8.410182412223401
9.948517819270513
59.78042017298814
18.90110593403717
87.88150342406269
0.6672823243651481
1.630526958132875
4.19203691287359
5.484479256077235
8.840758587082078
38.61185901152233
1.151073521709602
27.88436618726709
1.879403321748417
18.59083854796796
4.485173116247059
17.12160705457926
0.8314604808956982
8.005309353151674
4.993594290924608
4.390821386429606
90.90541721704288
3.779712928840516
245.4491198799779
0.2604247270562583
23.25278962306847
42.22346606228964
13.77423336828906
12.28653389690232
15.81776023762297
4.155944816533055e-06
2.884531797766639
0.8146367145006497
2.614904749439062
0.3952421634137204
0.0002013840552654284
0.3913003241984128
2.744126566390354
0.1977387215788595
0.03224366293777773
0.4401479142169718
2.281618226868398
11.05363192403162
0.6714025337817031
3.244698790514263
4.56379343237147e-06
0.01211979449058934
0.006041903354626865
1.043119728114028
0.7014150759113504
   0
0.0226966670466661
0.09392901961269767
-2.594377484179249e-06
0.001234592784394897
   0
0.02630187357616976
0.9282841936379961
   0
50.51873919188242
0.1763636779267882
   0
1.930388430443406
0.0045315238543207
-2.892433171963241e-06
-3.969995237295784e-06
0.01819474380158074
   0
   0
-3.928205515841571e-07
   0
-3.791154980691003e-06
0.05352617578599321
2.76763585009563
1.270100923135275
46.49223051874018
15.63859594688822
   0
0.1085257688758005
-2.060125080411693e-05
2.312529288270503
0.3803932671287231
   0
-1.624583489250182e-05
0.009530782352437052
0.2857372770573636
0.05150142764299138
-2.315472592986029e-06
0.007404282039694704
   0
0.01743072946529559
-5.516370830264155e-08
0.01155070829026832
3.022044555978772
43.93878008797059
49.57454322556919
37.47543690209356
40.80293455034904
41.8466552982864
22.00536866315682
36.5604901364202
0.4282131925033693
2.807821083910361
1.428865877470707
104.3084381255961
1.605102074762151
4.72119974540334
2.177179730730792
2.418321496197724
0.03542147601725502
0.09001911868944576
12.90379136698988
7.316155665008579
0.6727481979413343
0.1119547409809174
0.03326981467173873
2.421178435986266
2.957981928550953
16.13419283311111
78.17961461957755
43.61969264566621
44.88185705448721
159.5673382138486
6.9490030550633
4.458449834871698
32.30309577916
37.34971359357695
54.25333564551862
146.4923916766655
11.47512389497547
7.358331494279253
13.85495732693425
4.515028737633781
0.8525479712136396
15.64339230423149
9.818763047520315
113.3237147208597
7.269112497407709
10.07709589229525
43.30093999614868
20.07214074337587
11.24145132046068
18.63284085304106
83.47369438750245
51.45737868577101
0.7195737341661794
31.47493087690712
4.055490500887824
0.9880794465640487
181.1513030902727
5.941616415779923
2.710825288089525
25.14963231835916
23.24573073279562
19.01721381221862
38.12590069222786
28.75779585988216
19.09895993477409
71.68725812858104
37.7359242823668
22.9483773540372
102.4934661797873
102.1608147920672
23.33485584738639
10.35216268072489
