19.5170274505824
60.11236701134771
0.3759250269326312
1.659472640144934
3.018945372884741
9.954394036522787
61.15976478120712
25.66125673775298
33.35480387394436
0.3632346266734043
9.682301511824566
10.2387887437544
72.74040632452228
2.267686892150761
90.5815617935954
2.096798973352314
19.45737416959796
0.9032646255141736
4.05370183765199
69.67514289937347
38.45764428188723
69.99946042422651
44.11719868694918
24.72767575279829
119.6780330146582
3.189942626663438
158.3458579917136
29.11118926114371
1.332281576613691
0.8732857348592025
0.02544499480702345
77.37914390629474
34.1364196723563
25.19485158598748
4.400118037649847
4.296620103621152
20.6127012161227
12.75423112757566
55.95400247232642
15.98208032256074
27.91462584706036
0.0002644127467890589
14.03528875009111
0.1135528122663153
20.85404173088078
2.096221302144524
0.05145574805026969
13.30355085343306
1.778822757558013
17.33819188650195
39.91636394071948
19.49250813324314
13.27150892343643
0.7849663946447785
83.57597406749849
53.00719399128038
-2.608040934355574e-06
37.13253240097741
6.948034846961486
1.274046422439016
0.09113455632178398
23.8330157471712
2.402447043808
60.1490519694666
19.80958298104172
7.477084264122276
6.93008114009355
4.00516942481221e-06
1.270848100830017
22.13613387692549
0.1300500335745352
23.34418698971875
29.89279925130958
59.49996949569901
4.535360468447468
130.2411407203638
0.7544308371479729
24.23582136687093
0.6687640088626576
30.26430967668091
10.29211292133361
19.02901873561447
20.02038751185096
40.17165530134455
0.2652614455338516
54.93201201226103
14.14398689171505
1.520756114203639
2.879682337904189
0.7766921697692278
89.67880687492612
15.14439600031763
75.16130575282446
4.477357637737279
12.51350699878235
38.56906196094841
0.06994818015838596
1.671970746320953
1.933143801416085e-07
0.01594104298058161
0.9476585304669558
0.03811065419458625
3.349816982008722
9.718860140374805
6.349177661743242
28.15181925848699
10.68044079061589
2.864256890208336
25.42694092043252
25.05338238852482
6.953211996363536
55.40281670117535
10.03829136519324
0.1485988441844214
   0
   0
6.086729345191542
   0
   0
1.034395561162428
26.40486335637593
2.88672717656168
39.80538529695605
19.07057506608739
12.96239678563755
134.4950505825661
1.123592012596195
4.771171320368796
24.62767240198025
0.8789657898783123
32.28674697410892
10.05797304019065
107.7292974039255
20.94927313105095
0.7020372622160892
3.600915696015023
145.0462858172477
4.100453458355156
17.7723022932641
7.783215509264704
179.3075933299726
0.03717547259290459
66.86112000141016
0.002192201356452389
48.57323630540229
41.53127100586914
26.72218705410221
0.6878006491660977
   0
4.014264575907068
114.469837920199
1.312494052241596
8.966473843152427
58.01970557724262
6.527196867928137
23.51264030197276
2.525107882238292
61.0147157264391
15.08714639825639
16.14808287908982
14.61167465687361
39.47928305563271
0.1520590270547621
64.56604775742555
9.740647948850844
8.021394843649743
6.267496944867725
5.122304187269976
21.60611155941539
38.80262729920327
14.69838012826687
1.123821709473206
1.67664193964171
16.0068408020068
-6.789124784776956e-07
0.4599887419716212
10.58232148247584
109.1906204363249
15.32942904032054
1.459051837215132
0.5139651834122747
2.546340770585629
19.77168405643132
35.12967953177295
5.780354783574676
17.82481698706298
69.66871153592439
20.9176148491102
43.70469102535028
2.403261527234986
2.375194125504461
1.738029977356378
8.500659678205874
52.52439187528673
2.292800372031915
14.30380343761961
33.36752739587138
4.517773811130909
0.0638334695286516
4.321499423574676
36.82205592864037
3.495208180407087
3.403157210696809
1.773490059077183
11.23976949938013
51.10660159590334
24.51675077353008
12.07463979918684
1.990400885734609
29.56477737762858
3.596630877812378
7.029522193836073
3.346921281092135
2.172629583786006e-06
27.84760351580719
3.331986084669632
6.762898387840298
19.22661170192264
1.817644849104666
6.883267429266467
46.80786042593757
206.0369734808392
0.1360587567628967
0.5675183077093375
36.32755683095491
0.2251139945567037
88.02582820053958
2.527234107745191
2.288452171656713e-05
1.637026167547063
12.63003826532321
51.46548204165956
19.33193544449794
2.024559483064597
37.65565557203909
4.580400874407985
0.2043340216268155
0.1834225499377874
16.16047720190783
15.41390797074492
14.82348039168995
23.31805311422443
0.2094640826646409
3.411516261829076
55.31215900666134
2.638159765145725
0.01252273649937566
0.2949673513488825
7.032961885659512
5.972874293832417
7.168208620384512
0.02179056449427678
-3.063954789506418e-07
0.01546772899405675
-1.292034191521773e-06
0.9399408644822123
0.4953293794465347
141.2427613889779
1.66999079480236
   0
   0
0.05350868791403697
4.497094531527187
0.2540515601726322
34.10679091862724
0.635660959952821
1.655016411747974
0.971366366909116
0.02169483225976071
   0
   0
   0
0.02553601698352676
0.3396708757606288
0.7426766838398191
14.2800757129494
14.53951481531036
7.444229546033322
10.75987902470851
2.489194350052902
0.8582169704119537
0.166755942362065
3.382580600926741e-06
0.03685949997624862
   0
45.8560755039946
6.241471770139747
2.158494661024437
25.83229120738174
36.69567760374673
0.6675863192026907
35.82145988216936
5.124419045428874
4.230988610842281
7.951415389853966
0.1315068577312607
1.162629865764442
0.06564840637002632
0.2822440373923195
14.48297311637061
1.401897265396558
2.725484204894332
6.562705415901774
0.3592653310071298
5.796148404539374
0.3475859469718476
-8.288398225446072e-06
0.0200497798014456
24.93870465364702
27.77644954639473
18.22456544976168
3.033361378910865
27.22211076755862
0.01586909236631049
33.36995103248479
0.05517324957472616
2.21628578230391
27.5791588332524
71.4436754956855
1.358038852253675
23.41343016470741
44.94397595003959
17.18203699195714
3.785946992801169
1.918859605761631
19.58941385230603
69.3756640865157
4.728078792943985
16.48440233494259
20.35031213211235
36.92597147803522
5.44498657436561
63.23475405395715
1.998294531397854
39.14766078997769
135.0067232521176
2.682728978364788
0.4332633899314094
78.62419165387968
2.95468941992916
0.1851428814081887
78.21974043315142
160.1626244657727
0.4284124067436221
200.0592099442884
10.92161292879691
12.96048673698919
15.46753502128666
7.556392340904708
38.80382356189803
2.702665948662463
1.267305080620831
1.717877630321502
22.43825175545927
16.95196857331303
3.185275220327237
0.91933087120025
3.802002803918832
13.46878250493585
0.2362811896559369
81.96744762656597
0.5750146785295051
14.00618419634039
11.48447180126724
24.70518578883074
4.562617632208299
0.06510627370002531
30.43793964903922
83.29832367277827
8.004441170824462
0.49517252050643
0.2092450971038455
11.95219049955468
9.841901589172075
152.8080430637002
31.37956155335741
24.0489876481127
42.9884283292599
13.5216970406756
0.009358555962722535
1.789803824242862
109.8148484191505
30.89703870197765
1.044662481490013
1.294522520835148
40.58343592658466
0.8786258792399942
12.85237175688508
28.56119182644871
54.37587104193395
41.60632545749376
8.166005072410425
9.448336638474373
16.71555142726394
1.468550306584341
41.6811569036142
12.71143656384304
10.48534252835879
9.857656156749734
0.2042058681302099
0.6311038569976113
   0
0.1811864741727439
80.97069385841706
32.44021287897537
56.96152169845966
2.792544926626549
20.66814749281977
15.09890830257705
19.57528658239997
0.02332587259476981
28.13901503266639
19.5150887692663
51.1333215303419
62.99613621923034
8.357437763598194
10.98941297624897
2.624034158666459
229.8538849724226
24.58186894655196
26.71556095069195
7.096035386279007
14.64738396554977
1.112206435986331
19.29953876369271
92.45905557853622
5.958244983640183
3.11291581439516
5.350677605192322
9.968469690657178
44.59584449124354
57.64168530360049
0.002965491426916807
0.5780339434917111
0.411447636524207
33.002273719675
47.82100988946055
51.18666592118313
0.05598826220615498
4.593269320799883
12.42571776622762
2.407845047367466
   0
0.6806901827730061
17.21934756503339
2.106259145873238
1.354465313993253
0.5871693251372352
126.8726936086234
12.37666636727224
3.534742211221311
3.782477066858393e-08
   0
36.68530252267541
12.51078036323699
235.7364104662467
5.324514177272989
53.18441149729351
41.62781894659187
361.4136710798682
57.90777804565341
11.77817862420535
36.21262272641057
4.733309404881741
0.4077979975626009
38.83454541172704
1.572637976841102
185.4249925526263
0.6205850549115475
14.66497371858858
1.719282133762952e-06
44.24889649060074
-6.645444067653218e-07
0.5654643725368095
134.1442201876557
0.3944465169965076
41.81137598034632
1.50097853576712
83.36045367332483
2.123189615813284e-06
23.64423103318735
242.1482339353207
0.5462467818138957
325.1736217163644
0.8132455039851899
18.76877475468912
4.015397585195559
1.042652183190981
61.96244912241909
0.9604231220756829
6.552774929055459
163.0520388801467
1.930392234553398
42.5949315889656
0.9775128770919284
7.093604472532768
16.0241935900296
1.656139211147128
   0
0.0221673401617859
4.668937574552
1.891875377691732
34.36588157793182
5.487281553797057
31.47716634852874
0.4443841659132211
5.944195550469221e-05
4.162584104599084e-05
10.85999434974964
155.0697718638629
0.8926879728422225
24.09894567529657
2.724065060430027
16.39090381508528
0.541068425485417
0.1803001157111749
0.002435334578388623
   0
   0
0.5592290900574706
7.771059012281644
4.115823763097893
14.53304306861993
29.64995378920939
2.665831514730896
0.1271122570134886
   0
0.1172939244930254
   0
   0
   0
0.005225882642999294
21.19778875615229
20.91480632210258
41.80066790642989
4.010400114759864
0.008664737986776716
0.6047823758317016
0.1070619887779289
0.05229609931547899
26.81515728823798
25.57691721157324
5.821026197485812
2.013284727753096
0.7162280458470546
9.315999770721714
10.20403491121534
2.642463150104401
0.7381314976912833
8.529057835824064
7.322748871923366
0.1190685144540105
10.09860462876624
6.10932263937632
19.91976325788141
61.94568261302886
14.52817176683581
164.9101101142893
8.793672678566232
18.87213098725601
34.73204069923018
1.174595139918393
0.04116316040159338
12.47904309303054
18.02286475392863
0.1570634618827238
76.47525196744547
0.5988958354148637
23.94087370133684
11.01935983534043
15.48304043850471
117.9692850955193
55.81312650007126
50.29971585157671
13.19088250753479
0.01187553589438906
92.19310607174128
20.76109206305425
7.747702058699033
33.65229766797668
230.655666300651
32.06815393163039
90.08032430109863
7.630193388086224
20.54740885369542
98.08579469190521
78.54451092730747
49.47670417231159
47.87400451114468
4.848405909700324
8.414177352759248
162.155609162418
0.7186268112118519
7.832724053698426
116.9992691631015
0.1733823168449391
49.49658850459337
75.63714651452406
37.93478350313831
29.99024592219267
20.6278222668079
10.38876609320137
21.98790837158316
35.93603242511312
11.02137212611033
0.7768857102743667
57.25952760712052
13.34576691047132
2.438641710426136
3.181132941244048
0.1637980069212207
0.1377059569753528
   0
38.62547671714952
4.531556260744082
15.00418817717455
0.07095026399864136
0.2486184031097124
58.40647430257317
24.90698880727804
91.16521895627253
3.549367286576016
18.74710631406108
0.8036516374324282
21.44805800260631
