0.008897200700655429
0.7088716518934414
1.905976088654643e-08
0.008915984223229218
   0
0.005439106349617139
0.008452905045056445
0.01388361592252872
0.0007851395470424188
0.02482681704018234
27.54779036096014
4.959711703462676
0.4282751502168221
25.24191259695202
31.09859090985446
27.45507851593154
11.77218874778646
28.27983156022548
9.793335309753052
10.35441582120922
15.37646958501374
6.886316055605409
47.93282815416696
10.16059502003296
4.310869188948679
38.38680832755781
92.19428100767399
10.62637587712931
7.960416881526104
14.92394226406225
11.11595502664985
33.99047954946185
9.600906384469061
1.231150497809768
0.3747873048488473
5.888738683548075
6.891154616223076
157.6447210822077
35.67141249705685
10.74847030850151
24.18357876481543
6.124187306575696
6.501413678734044
1.348351948138368
4.476900624142896
27.33372746348498
1.101307780563635
103.6225891470067
8.614635577703648
2.806722054670372
5.452187580512384
5.00864895616412
6.013199123752907
28.48001127748141
6.626244761609806
5.003272120528352
28.73583401268435
2.370062791090474
2.358693044271545
2.201691927840567
128.9762551362307
42.1860531659316
2.850494618091843
7.617930509952342
33.77979937877588
20.76654273794037
6.710945731924876
6.983783599134875
0.1187364712991024
12.24463116470377
7.694325640894682
7.813942393356546
3.969370441789691
0.5274675601142662
32.16351415865299
0.2285629659160599
9.489742708590596
1.806567692093191
32.8141007136359
3.896380261420485
4.370333784383742
221.0737773543774
69.39810390101859
0.6135831392738711
31.40737710862109
9.874418694273102
3.802901066961381
1.449797288203333
6.252994061656194
37.1616284177083
0.6200467502740925
6.566076405607898
24.66594990020122
20.47863148932231
1.658890768108923
10.52338588151047
1.21897106949303
12.3837578301556
53.87007859523695
5.269785303012162
2.329864140058239
97.56811704366359
11.77273538621268
29.98081161549307
3.556640643191617
0.5261515453974005
22.26813961629057
80.13290412084291
1.865628582824285
9.416092619924081
29.24761455693573
3.102746410457876
6.063897119513978
4.717169977159196
14.30383403069351
31.53026117090544
28.37997338103315
292.0185018282704
11.63876468596145
35.59740256901814
7.38705856341682
22.46820002921146
13.23774791368433
4.374726478578628
7.767484869223202
26.63851747980893
18.75160593141134
95.14699666651414
20.29223355736951
8.561639430383909
0.8343053269338064
0.172496231575243
6.172909207076732
1.151793404778434
0.09020444240259269
1.504121318320249
46.57353763070806
21.28630005941832
44.17444780373923
36.81972615166485
1.104659180224652
7.504268559955511
6.731809759883759
11.25024366935924
10.64583244554383
0.8484795629076844
50.4610604292961
2.22066570276311
81.76129552992167
0.3827175066778191
10.8411497697841
0.4450780198684324
53.96228379835306
26.13098097355968
28.24329992277062
62.50225116343875
70.13397376934145
6.859953994617412
3.245247426291706
121.2839733826153
16.78072823877165
1.335142427773264
5.698424811591329
0.00783452286904756
5.25781303958539
1.29941489904818
18.12485963947649
5.536036456306743
17.28887777802849
8.276247734269571
3.305520006679664
11.18209078794088
1.505090801676674
8.338446477093029
0.159325514091408
0.08726273205581954
104.8914247277544
27.41628936776706
1.558169056476562
15.47193292589423
0.1918761569303196
49.57548399658781
2.381747867524299
4.479720345569243
3.108905328051083
0.3665590229402213
49.26304455812289
4.234235518652305
28.01808695403349
14.81204866942137
2.013707785830999
0.03696349881871078
6.767292878224145
0.1050126551307474
20.11992019296313
4.560781958510563
2.044725789302807
3.887215978631561
0.1310624413120728
0.2493913865347214
5.975720975237746
1.073026801044423
0.03527003141854729
0.1253872035672531
12.69024213776798
9.731754660247354
0.8300424267363657
0.8153518319878127
2.220604049444028
1.979799685751378
1.58063131396637
17.70591858671358
58.98500224577601
11.23886041552615
49.19970990524743
0.6729080715123836
1.117374776938859
5.74348279797572
33.40642945090576
21.9828001814649
2.563105390248881
44.30809083396656
8.035335447504078
112.866104946522
8.576383711284302
1.758831962340081
10.47960041782706
4.449689049166366
0.5093657286388646
1.890830712851632
7.592874749259863
21.98129346202371
4.671358664504294
11.44948953560668
3.77839930128873
0.1054114408301287
0.02805056434714373
   0
0.03135832027912377
0.07284658478427941
9.146748331770606
4.633608606458555
52.84610560753631
6.608895895085406
0.05480124684649022
0.0009574399844385303
0.01579963853678247
0.02701451867822157
0.3541500636158825
5.542142397953969
10.36203701707057
0.397877858553142
0.06886851223362619
1.619164884493792
1.393544180522616
0.1419022470819953
0.1979821247902833
1.262301322937388
0.908622175143188
0.1084319411076907
1.334877655407078
0.4019197988326363
1.855161635890267
14.07759312266665
68.81399899136727
57.32533103992348
0.816550873542215
1.02305234114656
0.12585897793774
0.03105795078624112
0.1082643205559507
   0
0.1253334845388737
4.363645197672775e-08
0.8349785330851911
0.8753973659253301
0.01827156097643783
1.182040581050661
0.3347358193430279
0.40225657298034
0.02450662494916518
2.346402729734271
0.1847156918293685
0.7954417154399851
0.1496528428756414
0.02586795744292966
0.2794482212409543
0.08362018443616417
0.1373453167301247
1.245966732526832
0.2714723148998547
0.1936334362462682
0.02913930655042688
4.087808075386181e-07
   0
0.02431169445599388
0.02813291633450813
   0
0.06906683760270224
0.1664948656330769
0.1332603980583087
0.2375337700269865
27.64093878529857
0.04308098148294051
0.04856935361362807
0.07564780239549172
1.075799290256476
4.95659733132104
1.507829303173369
0.004109859895536242
-1.100198232176849e-07
0.2973721415187491
0.001255795916481045
   0
   0
   0
0.007401011119995016
0.8921958840500572
4.226977698837197
83.47211157061992
8.017083612399825
17.74691023678539
5.511363502738535
1.419739828538e-06
   0
1.784175444827287e-07
0.2243116954305621
14.3971107535873
27.35606269429904
16.9005991790823
4.148774112275309
31.73219765866975
0.07533686704929986
0.01329862278659542
1.393970203551746
4.501343735013617
5.851440769878717
0.09203895515391079
0.07094557367304223
5.947194847754277
68.91046986889685
51.11016331308982
4.07172803692247
6.672023106409884
4.446895022378396
7.87922263383611
5.670556101206633
65.234638906976
23.0908040280507
0.9222826266178319
0.1141683736925632
0.3914905830459099
38.48478041152938
6.481766302385082
1.099431992234089
57.06079806942459
2.768946417046271
8.58825593828214
12.32654273394039
1.386884727736426e-14
0.1355274591694575
1.940545478875957
0.147762835641475
16.08911736178391
30.74355664220867
28.70487311158519
3.687952147579453
36.96787262357964
20.54012018549577
30.30066624565855
112.7881738117879
177.2081905449687
2.957135362562032
3.794348019936607
7.285032623913687
6.223933397024858
56.52057699230463
13.4714358488602
3.756465756371766
0.1404376874059055
8.94364119726583
30.46282533282548
98.41840798977924
17.64610843838426
50.11640394445214
9.588787485750213
21.97317891401705
2.90704428668981
2.412547651982325
57.0004405065924
6.620242250635131
4.548812898535731
6.90178900855282
10.19949874281722
3.203699730060646
10.51392392494671
3.276383258028539
82.894968691122
0.1777173621916579
5.500601358003573
3.286598099482232
33.58572933935555
3.026955554793068
7.657554797678986
5.200903255298891
50.01141506144106
4.924895168608264
2.23089499167529
16.62463941120445
31.16612377961911
7.297579196012955
23.0564200837306
48.06117111091933
13.73835225713793
12.67543568662757
22.69700992602739
71.79444944466098
3.30100469942074
88.92521667258998
2.193922644252102
5.200099939040525
14.41097740630284
11.52566457765315
0.604306223218394
11.3130240770053
7.916557770793552
19.27924009033146
31.47611604531983
3.868635097568766
45.7269259690387
5.762944786873002
5.947455405205307
11.16964651697956
24.44905267513784
20.97738802821891
1.971614032641956
53.61007151185295
21.22102073864375
9.01217817480452
10.21509906201923
28.59931088821869
6.48770942990342
2.178476373853395
21.48378526279694
20.97559898363459
6.019083848898592
28.60770569192343
29.21362399161548
63.55122141361783
21.81272024985201
0.5872956007176913
100.7968021988593
0.1686916993624731
65.29021950249866
1.889398406304732
33.55473032734524
29.25937205949783
6.957802882085102
8.147274527975512
36.12967882346454
46.11970384561652
29.20247410151041
5.210793855918694
13.20201372062139
2.161809786037889
0.5840294236695662
5.186725815274817
8.924548124282659
46.99919420050729
6.187778103370211
30.93100657914562
2.284824461236133
26.34051670616907
7.376162835536274
97.21158766156816
1.035901307190789
9.138790034139344
0.627168437084346
0.3704001445915701
6.053576231469434
7.244553838260992
1.652913569755116
1.192292751435365
460.7551580040926
8.53846048153423
4.151108627266123
1.017875137546388
1.558622473715302
3.994933680869912
0.225284248850353
0.00604831582651788
10.80699407174745
7.347744274344288
11.81682008046724
0.1139949586634589
0.001468947610253996
2.238207314722634
0.9760657861929598
0.1591274001685605
21.81060077917828
11.44366624101106
27.46546259309824
19.47435507608752
1.881931982186774
8.813588499591154
0.4158956762311573
0.1257915864105526
1.386859228828109
1.626000292454488
4.787393448800954
0.1384300177518403
2.154290110822312e-06
0.05764438866628783
0.08848506791682043
0.1066536260711262
0.02172273383947673
0.04034505541425457
0.004864970719797451
1.606839261191533e-06
0.1145445199680619
1.519046358617881
4.209716941664573e-06
0.03212287523360676
0.669467364792498
0.004372646987837845
0.03661112521862511
1.903654519535685
12.70614236845841
7.586269499914306e-05
   0
0.08447267782349374
0.004099593747544339
0.01325679673262233
0.1988689878919989
0.2675068276379482
20.67229780503811
31.72844452822259
2.389678905875629
0.6122721421791005
0.1678015488776342
68.05479131696015
39.94504386636019
0.02847301609038569
0.01414342509233817
0.01759582850413943
0.01280394865208157
0.08368303966986131
0.1451658105070601
0.07704654121033865
   0
-1.495105667018313e-06
2.261500706850303e-06
0.1160908928932972
1.12259848260286
161.0104727684853
20.40801516375507
33.52467548706507
12.26622297281671
11.16123946594679
113.2257251012997
14.25002600424113
0.03069361812674693
0.2884042343779452
0.0004160280190534605
2.352759507766757
0.01340766288802073
17.19674764806971
10.74294892041467
15.06962302022178
0.9925226870359067
0.3098382584625441
2.668090237071601
5.809666828165532
0.07666129256249035
0.7974918660574886
0.01881564218062293
   0
1.245225480927228
115.801712540627
35.0189387644851
132.990621020304
15.22117467189982
27.81877566014929
45.65111441696207
3.496754566165545
44.29029548507502
95.01603406170702
3.114905396325731
41.72607422707251
61.11127748706205
46.88222621325701
6.779953551500674
1.388851151528674
0.624647298306133
42.16188438158279
12.89900651934713
16.40956477928918
0.9492234136924155
27.84284754373093
15.50573729221292
75.92822452623568
29.77894836282031
5.521971499623795
29.91531228969655
5.281167024005599
0.5684563500803171
1.832416863460633
6.737244459972967
8.132003660536299
77.99219768436075
67.98711117400492
2.002168750030958
1.256563400764631
2.376445435588002
36.14003285543954
7.016687535493149
9.953603971883251
5.059252032874001
64.03349972579028
4.405098182864557
4.092864085408888
19.14176864553599
10.70487229604343
11.28365927042904
10.75058568159407
