31.77254305226841
38.63900732707101
1.193482877777882
5.494771240552009
1.993271794967187
9.365885816849826
28.36567603050345
0.6042794253477977
48.36334132903499
7.338524197397218
33.92601508497648
38.14534538060607
91.045630421387
4.955722021931174
47.15545093531798
8.651498802873149
7.160338345463559
22.46724965148329
27.45402184887454
23.29291049333128
2.260794649549524
37.42534077835418
34.8789786056463
17.93462420820865
8.155533696790195
1.35457493227162
107.4259189209547
20.43792107748004
0.600980489693683
3.261239270625592
0.09365239119255603
16.55215955052776
8.023332233189889
50.55604941563686
3.851871386882936
11.20596588642349
23.54433736964894
2.270061782271898
48.1066088612768
16.6348619479061
23.13642588087441
0.8451454532658182
7.688319811825831
2.01460300925666
5.083189784724182
0.004960107110635328
0.07679402701716453
5.637631475070686
5.062491415477903
3.904240101580222
42.11597402826384
6.815056596048508
27.99739778071953
0.150993069385021
10.39183495868717
51.25785862418588
0.3494994638497967
11.82861668251123
10.21761221207831
5.29410592900845
-8.503619259112069e-07
24.39871469042558
19.58461830890012
27.71584042512428
9.619894646157684
1.269377907726733
1.837791409214407
6.55325867148493e-06
29.45343792835375
11.30022554476716
4.577429732744569
9.286077671258079
17.75177184690321
17.35681329605154
4.586064944587792
25.16968521426387
0.2161052383330065
89.53804508051314
0.1440936276867782
66.78828658973097
3.189486894934372
19.56294345628051
58.97433258053624
119.5565677729105
3.218005999559939
149.7101767477039
18.42655788415032
1.539171786575605
0.8540880986847823
44.636545478138
210.8872296796012
2.476361622238911
100.3506337653679
7.630685267958838
12.90419049357683
35.215710909847
0.1643482273971408
4.775448334666189
0.08068045792145639
0.02722061944851492
0.0653973847503047
0.002948921796887686
1.358324300317931
77.62711950884966
15.27585850520001
30.63785447390993
14.60757491362615
2.517055519116904
79.69828087163172
45.07410176212287
19.43288106306975
37.1747431732902
20.15741231962132
0.9681006299740117
0.0001389713677390391
   0
2.948626867713112
   0
0.06566174623408659
0.1631256770785743
83.43525202538275
21.90877657275301
94.27353406057129
44.4404009025146
10.48390811770743
178.4523562187519
0.2951927244103035
5.472034673703464
118.408102288205
5.166158538634059
57.15643104051504
4.427306094189128
44.4156465655986
5.490469692587501
0.3627980163175487
20.69816690350711
96.62307581546021
2.51730060053859
45.99680674128739
17.89360256939215
29.0441858022998
1.054312264916477
101.068858901797
0.2607652049198021
51.21206281100915
35.98910409251327
57.92902166369695
5.132512144632555
0.003436529055397133
2.572008106684856
115.0448970993784
19.28059580172843
34.24932219069993
46.24925128018162
29.21239152490928
25.21164611227955
11.55987340770746
22.42693961264551
6.977486209790642
0.6321556707847295
29.21631599297885
35.86868090288275
12.33861375548777
24.03118162286264
31.31486498748039
18.47213113083452
23.22581509865595
52.32422378625032
84.12975640792256
23.97723390229329
33.37067606908072
0.5219383454550289
2.820264133084974
5.812544705612483
0.06730068154284322
2.06662245339768
12.84690511108805
38.15343891894533
3.943381917600806
13.66190994615409
5.101140499675287
0.2164927553337919
1.17932234054104
39.1107440999907
6.400390475897245
20.92969494228807
14.6878777492972
8.723454383198984
31.03074754797767
12.93860885804361
6.392673817909868
6.920381583700568
13.27722569009238
16.55080726466605
8.447616125287706
10.91520537807907
30.28489896766307
0.3930536179760467
0.4979492296144971
10.0685506552903
49.86963965191362
2.580194549773184
1.727858328777037
5.164657239519852
13.21928650091287
92.98450336695066
12.18478221431939
30.75978687392553
1.692397982368693
28.39497547662667
3.721954132570296
18.31888400642272
4.302845622467049
3.899164886064151
43.48447210133249
12.89647792353465
1.79926656030204
3.841374046876544
3.05264047280192
5.626857590947416
9.845954417708121
83.69933552625704
6.121086108840156
7.775861591155657
47.43269494640422
11.95132979938663
118.1514734391865
2.128910331564653
0.82703390477007
10.7986089508098
3.249019698829888
12.81712273542361
8.867801993078187
0.208704559127141
41.83814811693458
3.918671116928587
0.5609191218613879
-4.147098612222093e-17
9.301112169377438
5.028456384613733
3.973885458720221
7.184748743634296
1.421610532497562
0.03164719317178151
3.709254997143621
3.283448385776421
0.1444291805490357
7.050732819694181
80.45231313862966
22.06779990637027
16.73032899422729
5.100290135139524
0.414010681812333
1.568054444981371
0.9052003039766597
6.641266454779376
0.02164597986145475
60.03171290771236
0.6932859319646193
   0
0.7440333820996535
7.246961128536107
31.20912579130248
2.603873385969104
57.04123125386056
2.542823440702084
6.239223636149895
4.064596846381475
1.252447751665732
0.2369868163333545
0.01382291362843382
0.7310528581884563
0.03283125268998607
1.030623666222527
1.879488438338186
32.21999149662058
11.00373694861597
15.65940356703617
9.144307431382334
2.208599636723973
0.5505594650576773
2.153868454298005
0.001192219544624253
1.610998978483261e-06
-8.392565182842334e-06
1.708541078720252
1.112242125253407
1.567562777871024
9.107562519308917
38.74786169905386
0.1803902094229489
14.91843933019401
7.177799096379117
33.42280286591213
8.104249080177711
0.06186695677093351
2.028572249123218
0.7224977301845279
5.116390743099245
12.56427971053565
0.473346962661165
2.313163057428755
12.20401055345911
0.0005713507900180921
5.566726153267849
0.002694861145755601
0.3838109693932535
0.5292948919985608
0.4765159507983432
90.73764947794457
9.35722606340056
6.941253445063147
43.00888999945983
0.9220481373049212
7.160668382377591
1.457252404080573
4.102194878202185
94.96935989141031
150.7549129841597
2.523739400851345
20.19566476402454
5.866482251241318
20.16458997780469
12.57503646633596
10.03471953376662
9.040817836762233
103.0549869931556
12.41805549943931
70.64671593499391
29.26833927760814
57.56369044732541
3.952298006829477
43.09755082689536
7.673420178088399
60.19020811260098
51.53765956304763
3.211398309456391
4.951303839872612
20.49845549042157
11.55980538129166
2.618735773589933
35.62550788996813
21.93505382553741
2.165518799189867
140.0747865669418
0.5662663373533288
2.215682653751011
32.77010884313674
6.222396711978141
23.95130761033182
1.078181614190651
2.632173144684871
1.016954655657321
15.31726711358728
73.10669899501785
0.2915745900778456
13.3977149371501
0.1582861499423283
3.761855004908198
1.450980783088164
21.50451900634581
1.273316437898149
43.45062051002562
3.608897962835168
11.58501117124138
6.475800998044197
0.0385218667583606
23.59074504393726
16.12152006435025
9.783821902862677
1.039085572781612
0.3106356785921109
9.042421419306036
7.288429103666783
36.25214456593738
71.91394091702978
69.48019473465955
72.83956563519395
38.04416987588891
0.03299589265915764
2.163086118352651
55.48633576588585
19.3899159658059
0.01377684369564409
2.435752282326634
60.1133241663624
11.60275959916962
14.98325773207978
18.67520483768856
60.87065002280048
36.48255032344458
5.479776630553124
12.81296749510206
2.60276113305477
22.25598725901881
29.160080521811
1.461845330311968
45.35399155323138
34.61412074177827
0.6818007858028391
1.183920819508069
0.1346328909254206
0.02089156153447886
129.0644755854901
30.50353950908861
47.28676986118791
15.06375652801785
39.26168478825355
49.02126693363983
99.39384095785883
16.85891843353516
80.52991209741313
43.88314695533465
60.74125983976393
28.61305576691782
15.58174284851505
2.234301226048249
63.33000664358629
93.09987499616673
8.492081705233275
51.08293958731989
8.062541042748942
46.55859700887704
2.249489969130353
54.3236262292946
112.5563671292519
17.0596326043474
3.16266520938721
7.531780800172681
9.770674790635338
55.0986770717702
41.31138523001375
0.3796394174603195
15.7114889605207
6.039651974552219
42.41242261526834
49.99899740543764
16.64976526216164
0.01029681553582058
26.79276788327333
49.05453683247146
0.343139144331648
0.07991550612313708
0.001437781706027371
14.74320023055673
10.66340587446002
40.31365856007499
3.771970748382709
151.9781599412483
14.97246078135452
4.084908974236756
0.01600995388556277
0.001736701678627876
5.136727850989315
7.979200800884327
56.55315540980247
1.314060578161931
26.27087866218955
11.8015402888216
30.30014628797571
19.98964001422203
21.51540688050303
17.15186953260206
7.68319825650025
2.259728547380131
42.16133874920509
1.246031252714462
37.82729864449703
5.391536759056047
35.63745789410724
0.1424440144432976
63.08081008087668
0.0009295219093290712
18.27900948519897
121.8192679596533
1.106443881172053
40.53295328183348
23.33595383249138
11.63489086312661
5.626090808847776
50.75964241271865
57.6395227154493
8.361546374467503
54.13771883350503
5.770246686192675
9.685684851789993
1.968759547593484
3.107372305282214
10.97986204245939
25.84629945005593
27.43203058348462
54.8148736605554
6.452046932254417
41.74379772589128
4.078994982211818
5.85402679624888
3.518238591094107
2.480541815168095
0.002615573709057724
4.316492013899362
0.2863233030476554
9.402927420035034
15.52372250296775
3.45117463661125
9.910070316299556
0.3025590353296028
1.015146011705107e-06
0.5471821150406165
16.67362110944499
4.764573574512235
0.08135701398051375
15.48530449396685
18.10045545208806
3.037753405331007
0.01248598982054851
0.01311147566780502
1.108179617829631
0.01188761510828622
   0
0.007541801955258675
3.740063392649801
1.21648315391871
11.92772924304576
24.95225536300182
0.3458922699934369
0.54136550261782
0.05481147184884574
0.5429384084761705
-5.562511539424774e-06
0.001217200401607919
1.752441582531516e-05
8.231260761444089e-07
7.668770099990563
5.732732526614114
25.45674305340686
9.514298501210755
4.624615532948247
2.151556986025412
0.4784284807992955
5.718465284210384
42.25787813046682
9.377013752562094
4.752018559165968
6.112109468308237
50.25435918004269
18.69723112436662
10.98868502990101
7.060747563078722
14.57696713706424
3.478255780711313
14.94256932674527
22.18745051081827
29.03575341345271
1.590884096336161
23.20097549724248
56.17461463157876
20.89436011811418
77.48276616754551
35.57528225943243
38.22479132227886
42.734137831147
3.36450769710036
0.580424943303132
23.34244917781342
19.58655095747842
1.311122225730812
110.4574970192722
11.37424058211189
58.9891414975581
3.909440084435478
80.40694292870606
106.8405029065735
112.9621812410578
69.00158774793334
6.320945790225846
1.480553827701211
92.2480732651583
59.29236679433431
12.95029567269875
62.67655450069842
142.7007686495634
67.74641575073755
114.7918918946263
69.93857722334373
5.893410826481431
89.54606091215682
163.1240398229681
53.8904536882536
101.5457637055045
31.74671996944728
18.78996342613498
88.54171683002266
1.056033362846389
8.865114497980123
50.3461794367711
2.695770547810816
12.31292478955287
28.5956792356201
15.51235827077472
7.31372553854299
24.75126442104028
49.33742225851503
43.1433435230464
35.76231991565363
6.45707635352941
0.02818400897335299
51.50881521416344
40.40166957143875
1.248640689434615
11.38569064091753
1.352037154619493
0.1926856388332031
   0
29.86685911825179
2.104677687927284
30.06444142763816
7.337313047327353
2.178358838227657
21.13109691563071
15.52014323629928
20.4484117578284
12.66253324173321
12.50207534421166
2.775454311799662
5.376438123400555
