0.6697208726911547
2.380635068303144
0.90005523997424
   0
25.49723538452909
33.98224512862323
20.52172673915837
2.927303733917766
9.146616897154834
2.030367405540777
2.084940850856676
4.118356321401367
2.731653882236668
1.263023815461638
15.72282572403305
0.66971921405903
3.320035020353351
0.09088429802278133
3.884374908532545
4.853756033732679
7.055586332042519
7.857504839278954
27.00097666981113
2.999913699471446
3.005972899956129
7.674272092248406
29.45119468761996
2.537988962278693
0.6926837421225892
0.8310227632533341
4.475928554460821
2.302485209242701
2.263800955100552
5.706233056376647
1.263107362764698
13.73110268937852
7.139792896643353
8.66017502731216
1.795349518710939
16.36085736884869
9.937860254635217
0.1055057733464206
0.3546918909950357
4.032798203439605
1.569894215131866
0.2840621249149078
0.09014638004933254
12.46990144666172
8.315484743664673
3.786753378848241
8.465349463905897
9.17940206640027
0.7829317796750636
7.842945144578604
4.163205407441617
24.78945272524288
0.007398225819745933
15.13825332756494
1.519862257174503
1.268735936902751
1.007217232743812e-07
14.13570084491163
4.687615685015516
23.94949265196757
0.596527759792064
1.860276249512721
3.296847961311716
2.298620331438258
3.202555676585281
0.8350406756338415
4.814717979877351
27.66926339912941
26.37253365521025
6.63499931554296
2.71412232854413
1.344199430417985
0.05669145014529564
23.18493139150184
2.974228365707658
33.09744167394815
10.79700186467704
11.9727086611277
9.423746934121729
44.9700546330101
0.5639027270822699
23.29005805982779
122.3030850533573
0.1165490003970657
3.823101644444153
29.43581336204858
41.820117422907
0.2636612665790609
51.9878160014057
6.274724488453343
18.06319529710196
54.0695992727393
0.0008790369476023627
1.307322819242515
3.83217834231302
0.8652232904952936
3.111280907558441
1.192667674160399
6.031219515385764
34.10731565819928
4.609624587580313
22.11439906616268
36.67677561110622
11.54890416389153
55.42818500330659
26.50972730730623
1.078964741351385
6.58097288709799
11.56923137382076
4.909380275080121
0.004906890699863417
0.005949544178243388
1.805446272800882
0.001738771607180346
0.1868242477355823
0.294867220037511
35.75001616618829
6.116426048990498
39.48291104325236
9.713726912402924
2.886278500426229
31.25534214993774
2.557650395984775
20.52844305930515
27.8322042770814
1.834611929655972
33.17997397980094
13.6587255150536
4.151071385876961
6.363374198324621
0.5135316315028725
8.72618736492773
52.06426177506308
5.683071291153665
10.87242313407928
14.97156395586873
8.732600384836411
7.872291786196972
27.59017306606764
2.126112899690687
26.88153392111094
7.576894954235429
43.88942000084674
12.03711490254005
0.443365259723524
0.05503370910876795
19.15578381383465
0.8393554867781909
7.652319685538674
29.28272684282918
19.96858754145074
10.6096219135063
2.751967977624512
0.3041594167422626
5.871623556366456
4.595294040911241
3.946070033920975
8.338896769151892
1.582196171730842
3.216853234055908
16.27455382571627
4.444179409681734
11.58105568150037
6.203162172572506
33.70695560126635
9.101465391909109
11.78776869233059
2.108181280328034
11.84376124255707
5.79558802261055
0.8333708078562269
0.2919759670443777
0.6216162089921344
13.6430937628962
0.6993199632231102
17.3118387826126
1.526762131824905
0.2644507221972495
2.840655638398806
21.25359819982314
2.80277738756849
0.4280305782172116
7.697833333040621
8.358001988207231
10.12682732179214
7.077564847386681
2.264293973797995
0.1681950460479693
19.82999046623762
12.3395908930188
3.651620396400323
12.2892258892831
16.06773341367434
2.271289141692318
0.347075579982712
0.6206433019464099
20.19529968071713
0.2652104513335032
0.6515961555548102
2.783567125342841
4.639826401155724
34.70037130758612
1.779492499229211
57.06447351947833
0.08369671257136305
6.464763642271711
28.57600973709868
8.918749791607667
1.263463672813758
2.548532625165107
22.16693899619495
1.178658921814435
2.396768764623002
0.1326966189312941
19.3549512566726
0.7415954270333804
2.27530866734278
33.0341425493108
12.90074959565418
41.98178839669421
5.289977886094629
5.999432228795156
12.51208707384887
0.01116932052628284
1.310526304102299
1.401762476091875
0.0172370291615429
1.328605153879254
2.44020418626722
2.592777656263644
0.2809407238053147
0.5564608177899251
1.699234633522295
0.1942271071543497
3.252111328141171
0.636674257736967
9.607975508812467
0.9285641509422263
0.5165656709719271
0.5179331426431664
1.314683803008705
2.516873006787429
2.425623797665078
3.663108892203051
18.71895707070754
28.77224986406712
2.415379105510426
13.20322600159581
0.8965141095778071
0.8796808204306751
2.667896841898541
0.253649728406603
0.8534452688894318
4.859381461388472
0.9205829354442128
1.025319886939843e-06
0.5984419737730192
5.117272534903101
2.083449809897096
6.654976362693118
40.45771013877
3.197934389609198
1.247589650137377
1.042179662071793
0.1874448477147346
1.55786040688806
0.2021083319016224
0.6365905601962787
0.6034528260357821
1.262350151109275
0.4472515488027424
13.95392765551196
3.87402059870078
1.060139714141143
11.9058712735776
9.214239622395214
1.085290942151896
3.813807901573382
1.367562133470178e-05
0.1935853753075032
0.8039769041369933
15.17187439868879
1.562779657545305
0.4801642971033757
0.8714296812170466
7.768066044620298
1.952307090806148
3.623333031223595
10.84600511448354
8.849546688186322
0.7701534247938369
0.9217427761202103
0.121289923323421
3.520729384352689
2.747917478379548
0.2668062711803262
1.907868598446776
1.181547974382001
5.927992335558886
4.402270811872874
1.181291429287784
1.106323492427664
-1.928292499381536e-06
0.1419694698369958
9.223065171125034
11.19545638381358
0.756072620906987
6.774171529536916
11.86986976838093
10.92161446822662
0.06362720873691698
1.614906640889777
3.004315739539075
4.369254779246496
42.00385401019651
4.97117583085842
0.6135735316267267
10.07852085935549
45.15306097533131
3.870550117649779
2.05812376228628
2.375116165386354
50.30935226059174
16.51615696684858
67.96352624622759
21.37557803162793
18.05193160333664
1.064141301247506
35.53077063323916
2.224837183447486
2.249014226000076
37.06568135462389
10.13724362750219
2.67020379200767
1.393381103930028
8.232052152369164
8.064117741499926
26.05268304454112
3.92591364312065
44.90040751025371
95.52501098370169
0.02481678210288751
15.82230742132659
15.80308339681079
5.863813459276049
12.72085327508934
2.848809625762316
0.6151925794333037
1.730982511927957
3.338841859446463
3.021331181366647
1.084767453537057
5.580640445470269
-2.434439867517257e-08
4.948554944949427
0.0810684524580485
0.5875119546774188
0.6175270446288259
6.406107915643318
4.918593735051314
1.571596941170972
35.87562090567766
5.727745795261739
7.338058509197426
1.947855594368604
34.14094720213882
4.902391251218766
0.08309732536983681
6.578309400227534
0.7695978225511698
0.2596443735982172
20.45235341294666
51.57860637444913
77.77678784241586
0.2319091521993509
0.02113075737984087
3.238160918620383
7.111184900295072
13.08711574939325
0.9964316913095431
19.42699323953408
27.45158536944741
13.56473662867972
10.45758965999527
19.62831628192634
46.47833154012013
13.52924535718436
22.23252976763324
6.142741587315109
1.126276563462437
61.92426615094352
12.18431286372911
0.7755291236830951
38.74038433447652
2.743404267501826
4.41014393957579
0.110983144628119
3.483445980409292
0.1408070948031213
34.01264962243098
2.702682766241322
36.77912107491616
52.26373976925507
4.000732976333061
13.58327727421235
39.18771477356665
11.9756522757703
43.8170848595577
14.72544966601485
7.206753744744941
14.76146180631714
1.775477621498282
2.100198355326937
2.750523816744795
7.526598464671611
12.0988322886136
12.3054948417566
3.035516412592788
8.432328975218255
0.1680218705919465
34.00031945629203
6.400118181293278
5.804577270848914
3.079681010563513
0.2981637201667691
14.73526490166082
58.49215550115731
6.425021267182991
22.67888809472488
5.490876380588577
19.12705985671634
1.911929246110437
29.23524973247914
7.785896033584383
1.815195623282505
0.9864685007625321
37.01394337708733
0.04464931527670262
0.1149920887176897
0.09332186142014551
19.83735406453468
8.235325707787938
17.2568994904945
2.924083546796918
50.85880288382245
8.875331891135529
0.7610207005492279
1.73471587180104
0.04419294613780053
0.9344160402749007
24.93770007871236
7.929792126711895
2.043982449203008
5.257606030878783
5.076028314201002
7.799445454177088
9.125992067859167
36.54496746922769
0.1337815132240403
7.507801933321429
1.605808875379783
14.10263685360363
0.4620257382009423
4.802924844839155
2.759993613271258
10.31933969727795
5.280632214815221
36.17199110339101
0.5938045125675903
0.2357612215650405
16.62723188015354
0.1013999291907119
9.166194019090101
10.11128707057625
4.019167813023261
1.712601097658003
4.711631730673913
22.23949341240739
7.695426357004481
61.12811827099861
4.969686659077539
7.444426143144655
9.499026465852157
2.406817682505048
1.476082217732052
0.9663276445925266
0.2555448079170157
21.7875499187667
3.891301521349001
2.153436178721082
1.935825146478379
0.9978603066189536
0.427931785696443
5.862295364569071
0.003892568133973766
0.7467629749660778
0.983624567738827
0.3030466394315059
17.01765099361462
9.092405290709742
4.401480066311064
0.339401776645513
0.1031452672587374
1.55926683173379
6.583056407116696
9.591379467345138
3.78273405829384
8.867087778111527
6.992003172303915
2.801396185908016
0.02656670449268026
0.3065482546275256
1.286373975191023
0.02140615501454662
0.5882535249366236
0.9364778549951933
1.279047908835255
3.257147066270313
0.1339474355029373
3.692640655432487
0.2263718034375895
1.410137504688156
1.434814950877381
2.910858134190847
0.2601846429707369
0.4871877421844719
6.053792960602938e-06
0.772201542241896
1.266661873776445
6.88532584283454
17.54824442766049
4.559763819324743
26.70485589830724
6.784156823697923
2.963063249327222
3.463942201880656
44.69554773103815
6.529116326320343
0.6623920067182406
0.8094459819228991
16.78538809980567
17.29120038954033
2.349275322465547
0.9784127405271245
8.136206245819224
15.31975450104973
4.361567387292108
0.6853633806380861
4.480261655519004
0.850788439432152
31.39646006055227
28.81721382128818
28.35429038600198
20.35797571253633
23.30056316722714
24.25763917533587
44.21813664274664
0.9720354033056366
0.04528569745784959
0.9985525958952799
0.4670329220787623
4.818658612558265
48.31838355768633
6.443814774129839
26.59334521008326
21.55177064757112
4.388839431021425
21.99821068440941
13.94232711727092
14.42858795074369
0.903398070986611
5.153312131475393
21.91481257174828
11.73956867511303
19.71502018167622
97.46636530832316
110.1020135312633
22.5855461452025
87.39534253588239
6.463423988498426
2.329335618327997
62.09803187946179
18.2854358708124
5.080527930539386
78.71027190368652
12.49690996743446
14.07061924510148
38.01217460935229
0.9495102225728268
3.956695120649333
20.24870767253191
0.3603037030778192
12.14952659703643
2.586407565529491
21.71423326400238
15.74035553221908
29.60471404652387
29.43268519707936
12.00248234615997
6.096203951919956
0.8237922642998237
1.498238832790617
39.82263294346805
4.079096157978031
1.15328368130988
4.362021409571554
11.18148495718765
0.2490403771271927
0.3038837736891137
22.83522372721871
17.51441990220296
17.7430749137064
11.73501154184764
8.047685077393785
38.71515680988814
5.78628064969533
4.823556439297379
8.464048137164539
12.87118577873408
8.622817076729124
37.28752338910789
