0.8455652074632748
0.005914510800579612
0.0001241058923956684
   0
0.06577835054375537
20.46511964899756
65.19404260333295
1.055791467936408
2.364366173659866
0.9920315568600278
108.5676678036478
4.163150762835725
45.93727936419542
25.79198688035127
73.98250912219405
3.432037496403838
11.38626983941496
3.602160205996847
9.310287147007461
97.00997626699581
1.589744202146149
16.85092339240429
15.06118563033002
3.338073814708487
54.32926781923513
20.40388747902496
52.48299481945706
36.34381670011527
1.496181530085801
1.219865231321352
2.296173889427739
16.77949754489248
13.19436802787853
9.226574920437679
4.250243442131361
7.312177201957638
19.29985241518948
67.24110644957094
7.831293309341971
29.53186647301525
3.402114256198283
6.61897360149689
12.84896357574246
0.1247897336710136
18.56398645114912
6.184535429154113
0.04734151297320695
42.30935463005942
10.68464147448757
33.60071888164173
14.3280128735914
8.437888146564472
3.903271936706982
1.660452531876394
12.33264695650512
18.16664062042973
0.8025179237731082
72.18130868704816
2.120972318760933
4.263557615140045
0.05490216323990779
75.24697891190925
9.5868359784895
35.53716799917819
13.50510863546085
6.259294604021381
26.02672745754856
0.1458856869020157
4.423615119033823
15.70639205273086
0.5314575098564218
26.15436112232874
40.23199016748249
0.3461978221411493
1.195854571224659
9.363127465741668
0.2088140845419707
19.32269944810043
20.06634594395453
58.38901260622141
11.29710140220581
24.29349127664772
22.14292897024821
37.49895037524018
0.8130004195188115
20.051170001552
119.3996577125
3.308411934730817
0.0007756476834774719
28.61884167648122
27.6081825424937
39.05073856584194
139.1694079216165
1.985199912621819
5.053672040291763
57.43479143950466
   0
4.718141490951306
1.582123553179555e-09
1.576537629996257e-05
1.057424285956507
1.121448199923558
1.785986309846865
6.044624168618769
9.190303837461745
84.99531577729223
40.99789782935973
0.4377159190218926
66.21770051287021
65.38456201251938
0.6275458271025572
37.39908887089283
31.11210389007912
4.028637558208731
0.0226853533369011
0.004827445277232086
10.67902878968441
0.4108955429185817
0.04191907395980109
0.9548268098487644
95.37860598057986
11.41335773303567
45.42914717707664
51.74925241233141
5.416726757661412
25.35734503474103
0.6513176214936079
19.04217426753496
53.43166303371681
7.023252649132981
18.82220830008999
12.3074300642671
4.567491716158424
3.177256282282575
0.7542512051301845
0.9912107457002239
49.24803406729009
7.417355588653844
11.78409230093687
13.81901109269271
36.00991302723876
0.2743212946484022
85.99261117251228
2.4170228359063
41.89467201797146
14.2513907455526
74.45359183646991
0.4367308115569412
9.850665618571483
1.548064203314427
14.28583659008875
3.575711513786536
24.54119368972146
74.77932084239812
3.770803659056962
21.42738518335748
26.93932739023985
26.27578093064875
33.26981995379909
14.12041028096046
1.876460007006484
25.25320661070459
2.533244360820018
12.53730863643836
129.2535097801923
17.46212341531496
22.68890998074347
13.03513627183507
64.3340084158999
30.58250274675997
101.6216702422693
0.05042900532750317
9.817539390364121
29.27905058669466
0.3558027461211189
2.253563649372585
65.45432310308837
33.87958901685832
19.7584147782434
3.330075268019425
6.273591704767233
0.8139579263433628
0.4899248212811821
42.73656297627898
5.537670304233501
7.254480850127332
25.73654803911369
30.1606373360796
52.08392255865732
5.601175309661167
0.4387825447734092
2.085021283055886
1.995331919974723
10.85699261349279
0.2992280237163673
49.8385612698692
80.14575087642439
12.55497907463697
20.38375223266884
2.128633650141089
6.476579682151153
2.05150465239455
9.641713488881988
5.743212165913104
3.740842669006128
10.87489484606439
3.477743879954793
39.44361666693003
2.972997432557942
28.60262505957092
2.591150117582936
6.477083156926675
4.482114265206081
0.08252384342597639
17.01699194034571
0.3411018426051818
0.01755756802470384
2.578522855902812
0.008325923150866539
0.004674303657620702
1.963109512377696
35.53502074156222
17.19937096714253
1.909683053395774
55.24705693713773
2.851424200111363
27.42319816444016
0.03791269452845054
   0
1.900351482428015
10.27193903887346
5.103208418276123
16.91492094550819
0.684429168319898
0.005959632301770493
0.151779262793463
0.004784026980544459
   0
0.2187159610796654
0.03642248208330452
0.2245179539955153
0.8488003879558006
0.8404069047742313
0.4478621312416453
0.1447625094029318
0.001698950586570811
0.3739805439108251
0.7796164428387515
3.208802605857048
3.296122316309063
2.027143727852709
0.5759932834936311
0.006253736536124492
0.0008736734248070154
2.390016075171759
0.3510370381387478
0.1593142828117046
0.2237665239393035
0.7676980548582831
   0
0.03870995988098407
0.04119160081942862
5.851455286819375
21.45391748086666
30.93130187326112
13.99160837422668
0.1129894224433521
0.03299289257572884
0.1138471430422951
-3.675458202123572e-06
0.006035159269944087
   0
0.01215236138881067
0.03025940431810764
0.08689220926233042
0.344950112173683
8.261528471027768
5.014708497716129
2.087475328866284
0.4602823189833787
2.821042371102275e-07
1.272966333548714
1.13130415115668
0.153000574986299
   0
9.274505024894802
0.1006481246258656
0.002951958856762628
3.298951955190034
4.280085829957178
0.04307546477527499
2.353910545693383
0.8413833860543305
3.553178058286532
0.6668754799623031
0.1951606428969703
9.235426968731192
0.2081020620069901
0.8122032233554479
3.126898977571853
0.1098566271229254
0.708135893868305
4.162348926555227
   0
17.44836751071123
0.02611807831936622
0.09809466749833279
14.30493410465962
19.71897752824793
5.124118302731784
25.13380422695631
3.40117588374152
0.951632322022153
0.1534360156803264
20.64126570025194
1.902016317035784
0.01694720913386461
4.126464786572304
138.0468458159714
23.07103112889409
5.143181801757256
46.11908226817186
2.857086179180257
10.25441364007105
51.3339099617331
10.67987287226762
68.22341002809762
139.1373599049704
87.09878883441353
96.9270960747436
23.95722200054021
31.80930784982771
31.17926537778801
24.77969528343649
2.033099717266344
71.37078577360037
4.805836066644187
1.321688708159793
76.7880887097831
8.950158151355792
7.745207947053109
33.75538437647149
47.48901645042005
0.5099299726881992
79.2893593450525
32.15930821962077
1.324840320073785
35.81373186026718
15.13449488068234
2.643632438642499
34.9912614934036
0.848906245033297
1.738387181920472
9.852503985422697
4.981728454168232
2.748482032060586
2.91787911310129
1.176678222161126
0.4283867663802121
0.4493596545888193
2.096513027472462
23.68339165851943
15.15060648816967
5.220459374587289
9.216620940648202
22.13899810266595
17.09837965623758
37.41669562562907
12.18097182359147
12.1744679254191
0.3249881747888196
0.3997040669933998
21.28288768532574
4.853762025480252
29.41977132903798
35.54655959213019
52.42404961678722
88.4974434471748
7.039728853330433
0.2793173641138801
2.266519835091782
21.6909707466755
94.60379313613028
11.08798631406966
13.5057984672814
33.67755064259104
5.17504106728712
10.72873714881569
33.02655629445696
79.95822703708834
11.78515330109024
96.29443732203836
16.50365860877474
0.7995161771571581
27.57149974159721
33.12221397681798
2.258749779465434
15.70925631451713
39.5817820426261
3.838077285842887
0.06865169122431765
0.07331993910639878
0.7336693046965092
4.409698020584721
0.8760157440165838
62.92016957520745
40.74762529301584
12.42347542749028
17.41947597353021
57.40195084068992
8.613284982443005
103.362215519098
6.299367077776717
6.868712455762041
16.74146806406278
10.42256517599211
14.41864795763915
13.40631398057063
25.12663072278727
8.95101790546183
34.5761047353965
4.352829731158517
7.204209873479286
2.321297971068262
32.01149801725021
64.91380692109689
10.83767267109464
18.25245262523207
0.5560431290281679
24.94871761703834
57.20259172859398
13.08986340159623
22.52942591450583
0.8265346942378462
17.0211838602732
5.7209128448455
64.68642865615713
17.69619167613235
0.7474080494176729
12.08573030429778
6.232170779096589
8.745652458356224
-2.654046690197494e-06
0.0004521611704992459
40.79688574789962
3.122947279991148
5.795786454007725
2.733399911578603
86.48206436970466
18.11053609205343
12.63516901536233
0.003279648841678941
0.0208470737920215
9.984928130169562
18.76576428584305
28.85388551504531
0.4351558977210691
11.98730108230931
7.39113655377788
13.31027336961772
18.61823585702395
16.15762688070118
16.36184985624234
3.883322995545383
5.685305592872913
29.36330744445517
3.517777605559852
39.38989729299617
4.522422620148998
40.22867878966062
1.052985931272387
36.98393143769884
0.4779170332298774
16.94592207830893
7.517264385147102
1.831433481654558
30.40595620074907
0.5517026192520813
6.205236198000248
-1.560629489058345e-07
2.364483822879919
62.01305080384932
6.28570333761254
39.13153077889336
3.145444766594096
14.44525882688852
7.630286224947135
18.04359859164922
15.5341169625902
2.396588418003496
0.0003286876829295091
18.05705110795512
1.206837563434999
6.696008020564088
0.2426064094449201
0.8226050527642896
1.562504548890596
1.4145415061282
0.004062829087786477
0.007341131409259806
0.837306526374667
0.0451869887640624
13.0454987652394
0.1275816516540043
0.5142500313303052
0.195256003176493
0.05581195135541447
0.07024844084845411
1.450809495731443
11.22107529404911
0.00554781417488885
0.6610573525109068
1.826884550341937
0.006315365447667943
0.0008378601564339637
1.681541122433147e-13
0.03011683166586244
0.01632790888076962
   0
0.08787453459711693
5.0195764273834
0.04191167162311164
0.1023792185027037
8.400779963734362
0.1058099697135882
1.834114709599841
   0
   0
-1.461596999743027e-06
   0
   0
   0
0.003681737511253259
35.04883323995913
4.76819526401784
9.468930833421744
4.721020385984719
1.443655381130947
0.04456266793051959
0.02874946757219637
12.1991135312978
9.104047861076808
0.5137997337710256
-5.688555681584398e-07
0.2173732978818791
0.195946137068197
14.7071500703579
28.98471743303902
17.70741811579004
17.39462999404531
0.1117836981321501
0.01054286920895263
0.282183692629619
12.96953408384642
40.34320850377146
46.59273277407705
13.62717843801695
9.878407528568509
20.5449143876093
13.96988733579092
34.79670376141677
5.45574859713527
4.76509282229583
35.03283505747532
102.7937362058467
0.1256501199277872
84.77897927854242
0.2864003675104999
13.69460550028432
1.935519928772032
6.049884578831303
73.85058247035126
56.65585315087022
12.908243731743
10.13103974260217
4.782348602804309
2.995839780562179
8.047751660419499
32.1788105994936
89.51657150901171
48.90348541378759
25.42257199344348
71.82362862472348
13.4794396197578
9.778252070973481
32.22142606560708
19.87552721667821
1.350844588468703
114.2421434756758
1.811285535990279
2.060464480706117
37.4950153544242
8.444872166296632
40.75121655607523
45.04253646542516
1.282563426278365
20.21178236011995
2.790118470369626
14.81437712933044
4.230128803480693
8.797919286031517
15.61309506197439
62.99408915535212
55.86734784084398
54.57647823289021
2.748217206770035
46.59342237144502
17.23955470688688
8.990445886494895
35.65019214073413
0.2722572107225389
0.1186953717954491
   0
41.50600230550649
13.7678431779976
8.728861772624741
19.13338933488832
0.9678745724875251
22.16067594717588
55.23069499541342
18.12896027884052
1.921355227971281
55.20149420443794
0.1948197729411767
15.9571265413582
